9.98652E-05 9.98652E-05 9.98652E-05 9.98652E-05 9.98652E-05 9.98652E-05 9.98652E-05 9.98652E-05 0.179763 0.000440601 9.98652E-05 9.98652E-05 0.264524 9.98652E-05 9.98652E-05 9.98652E-05 0.00141094 9.98652E-05 0.0759766 9.98652E-05 0.476387
9.98293E-05 9.98293E-05 9.98293E-05 0.941193 9.98293E-05 9.98293E-05 0.0569105 9.98293E-05 9.98293E-05 9.98293E-05 9.98293E-05 9.98293E-05 9.98293E-05 9.98293E-05 9.98293E-05 9.98293E-05 9.98293E-05 9.98293E-05 9.98293E-05 9.98293E-05 9.98293E-05
9.98832E-05 9.98832E-05 9.98832E-05 9.98832E-05 9.98832E-05 9.98832E-05 9.98832E-05 9.98832E-05 0.000531647 0.00635459 0.00676397 9.98832E-05 0.968764 9.98832E-05 0.0021038 9.98832E-05 0.00285658 0.00532632 9.98832E-05 0.00600031 9.98832E-05
9.98563E-05 9.98563E-05 9.98563E-05 0.00814049 9.98563E-05 9.98563E-05 9.98563E-05 9.98563E-05 9.98563E-05 9.98563E-05 9.98563E-05 9.98563E-05 0.00198225 9.98563E-05 9.98563E-05 0.00014176 9.98563E-05 0.00340536 9.98563E-05 0.984732 9.98563E-05
9.98742E-05 9.98742E-05 9.98742E-05 0.0116236 0.000783891 9.98742E-05 9.98742E-05 9.98742E-05 9.98742E-05 9.98742E-05 9.98742E-05 9.98742E-05 0.0034152 9.98742E-05 0.000614511 0.000962309 9.98742E-05 0.00439917 9.98742E-05 0.976803 9.98742E-05
9.98473E-05 9.98473E-05 9.98473E-05 0.00938968 9.98473E-05 9.98473E-05 9.98473E-05 9.98473E-05 0.0692285 9.98473E-05 9.98473E-05 9.98473E-05 9.98473E-05 9.98473E-05 9.98473E-05 9.98473E-05 9.98473E-05 9.98473E-05 0.0289933 0.890691 9.98473E-05
9.98204E-05 9.98204E-05 9.98204E-05 9.98204E-05 0.998004 9.98204E-05 9.98204E-05 9.98204E-05 9.98204E-05 9.98204E-05 9.98204E-05 9.98204E-05 9.98204E-05 9.98204E-05 9.98204E-05 9.98204E-05 9.98204E-05 9.98204E-05 9.98204E-05 9.98204E-05 9.98204E-05
0.00394177 9.98384E-05 9.98384E-05 0.93524 9.98384E-05 9.98384E-05 9.98384E-05 9.98384E-05 9.98384E-05 9.98384E-05 9.98384E-05 9.98384E-05 9.98384E-05 9.98384E-05 9.98384E-05 9.98384E-05 9.98384E-05 9.98384E-05 9.98384E-05 0.0590216 9.98384E-05
9.98652E-05 9.98652E-05 9.98652E-05 0.0098954 9.98652E-05 9.98652E-05 9.98652E-05 9.98652E-05 9.98652E-05 9.98652E-05 9.98652E-05 9.98652E-05 0.00275797 9.98652E-05 0.00014672 0.000554423 9.98652E-05 0.00395935 9.98652E-05 0.981188 9.98652E-05
9.98742E-05 9.98742E-05 9.98742E-05 0.0116236 0.000783891 9.98742E-05 9.98742E-05 9.98742E-05 9.98742E-05 9.98742E-05 9.98742E-05 9.98742E-05 0.0034152 9.98742E-05 0.000614511 0.000962309 9.98742E-05 0.00439917 9.98742E-05 0.976803 9.98742E-05
9.98742E-05 9.98742E-05 9.98742E-05 0.0116236 0.000783891 9.98742E-05 9.98742E-05 9.98742E-05 9.98742E-05 9.98742E-05 9.98742E-05 9.98742E-05 0.0034152 9.98742E-05 0.000614511 0.000962309 9.98742E-05 0.00439917 9.98742E-05 0.976803 9.98742E-05
9.98473E-05 9.98473E-05 9.98473E-05 0.00914126 9.98473E-05 9.98473E-05 9.98473E-05 9.98473E-05 9.98473E-05 9.98473E-05 9.98473E-05 9.98473E-05 0.000770021 9.98473E-05 9.98473E-05 9.98473E-05 9.98473E-05 0.00218296 9.98473E-05 0.986208 9.98473E-05
9.98563E-05 9.98563E-05 9.98563E-05 0.00814049 9.98563E-05 9.98563E-05 9.98563E-05 9.98563E-05 9.98563E-05 9.98563E-05 9.98563E-05 9.98563E-05 0.00198225 9.98563E-05 9.98563E-05 0.00014176 9.98563E-05 0.00340536 9.98563E-05 0.984732 9.98563E-05
0.0164437 9.98473E-05 9.98473E-05 0.826666 9.98473E-05 9.98473E-05 9.98473E-05 9.98473E-05 9.98473E-05 9.98473E-05 0.000301445 9.98473E-05 9.98473E-05 9.98473E-05 9.98473E-05 9.98473E-05 9.98473E-05 9.98473E-05 9.98473E-05 0.154891 9.98473E-05
9.98473E-05 9.98473E-05 9.98473E-05 9.98473E-05 9.98473E-05 9.98473E-05 9.98473E-05 0.00117176 9.98473E-05 9.98473E-05 9.98473E-05 0.383827 9.98473E-05 9.98473E-05 0.00387816 9.98473E-05 9.98473E-05 9.98473E-05 9.98473E-05 0.609426 9.98473E-05
0.00527922 9.98384E-05 9.98384E-05 0.924549 9.98384E-05 9.98384E-05 9.98384E-05 9.98384E-05 9.98384E-05 9.98384E-05 9.98384E-05 9.98384E-05 9.98384E-05 9.98384E-05 9.98384E-05 9.98384E-05 9.98384E-05 9.98384E-05 9.98384E-05 0.0683744 9.98384E-05
9.98294E-05 9.98294E-05 9.98294E-05 9.98294E-05 9.98294E-05 9.98294E-05 9.98294E-05 9.98294E-05 9.98294E-05 9.98294E-05 0.0116379 9.98294E-05 9.98294E-05 9.98294E-05 9.98294E-05 9.98294E-05 9.98294E-05 9.98294E-05 9.98294E-05 0.986465 9.98294E-05
9.98383E-05 9.98383E-05 9.98383E-05 0.0052047 9.98383E-05 9.98383E-05 9.98383E-05 9.98383E-05 9.98383E-05 9.98383E-05 9.98383E-05 9.98383E-05 9.98383E-05 9.98383E-05 9.98383E-05 9.98383E-05 9.98383E-05 0.00877658 9.98383E-05 0.984222 9.98383E-05
9.98293E-05 9.98293E-05 9.98293E-05 0.0561379 9.98293E-05 9.98293E-05 9.98293E-05 9.98293E-05 9.98293E-05 9.98293E-05 9.98293E-05 9.98293E-05 9.98293E-05 0.941965 9.98293E-05 9.98293E-05 9.98293E-05 9.98293E-05 9.98293E-05 9.98293E-05 9.98293E-05
9.98204E-05 9.98204E-05 9.98204E-05 9.98204E-05 9.98204E-05 9.98204E-05 9.98204E-05 9.98204E-05 9.98204E-05 9.98204E-05 9.98204E-05 9.98204E-05 0.998004 9.98204E-05 9.98204E-05 9.98204E-05 9.98204E-05 9.98204E-05 9.98204E-05 9.98204E-05 9.98204E-05
9.98294E-05 9.98294E-05 9.98294E-05 9.98294E-05 9.98294E-05 9.98294E-05 9.98294E-05 9.98294E-05 9.98294E-05 9.98294E-05 0.548436 9.98294E-05 0.449668 9.98294E-05 9.98294E-05 9.98294E-05 9.98294E-05 9.98294E-05 9.98294E-05 9.98294E-05 9.98294E-05
9.98383E-05 9.98383E-05 9.98383E-05 0.00457289 9.98383E-05 9.98383E-05 9.98383E-05 9.98383E-05 9.98383E-05 0.00616027 9.98383E-05 9.98383E-05 9.98383E-05 9.98383E-05 9.98383E-05 9.98383E-05 9.98383E-05 9.98383E-05 9.98383E-05 0.98747 9.98383E-05
9.98383E-05 9.98383E-05 9.98383E-05 9.98383E-05 9.98383E-05 0.00215181 9.98383E-05 9.98383E-05 9.98383E-05 9.98383E-05 9.98383E-05 0.00305273 0.992998 9.98383E-05 9.98383E-05 9.98383E-05 9.98383E-05 9.98383E-05 9.98383E-05 9.98383E-05 9.98383E-05
9.98563E-05 9.98563E-05 9.98563E-05 0.00629167 0.00147271 9.98563E-05 9.98563E-05 9.98563E-05 9.98563E-05 9.98563E-05 9.98563E-05 9.98563E-05 0.00320648 9.98563E-05 9.98563E-05 9.98563E-05 9.98563E-05 0.00493062 9.98563E-05 0.982501 9.98563E-05
9.98563E-05 9.98563E-05 9.98563E-05 9.98563E-05 9.98563E-05 9.98563E-05 9.98563E-05 9.98563E-05 9.98563E-05 0.000763434 9.98563E-05 9.98563E-05 0.991372 9.98563E-05 0.000724036 9.98563E-05 9.98563E-05 0.0028436 9.98563E-05 0.00269928 9.98563E-05
0.00272693 9.98473E-05 9.98473E-05 0.880365 9.98473E-05 9.98473E-05 9.98473E-05 9.98473E-05 9.98473E-05 9.98473E-05 9.98473E-05 9.98473E-05 9.98473E-05 9.98473E-05 9.98473E-05 0.00214751 9.98473E-05 9.98473E-05 9.98473E-05 9.98473E-05 0.113063
9.98563E-05 9.98563E-05 9.98563E-05 0.00991853 9.98563E-05 9.98563E-05 9.98563E-05 9.98563E-05 9.98563E-05 9.98563E-05 9.98563E-05 9.98563E-05 0.00497035 9.98563E-05 9.98563E-05 0.000540939 9.98563E-05 0.00295835 9.98563E-05 0.980014 9.98563E-05
9.98563E-05 9.98563E-05 9.98563E-05 0.00992564 9.98563E-05 9.98563E-05 9.98563E-05 9.98563E-05 9.98563E-05 9.98563E-05 9.98563E-05 9.98563E-05 0.00507812 9.98563E-05 9.98563E-05 0.000541497 9.98563E-05 0.00290967 9.98563E-05 0.979947 9.98563E-05
9.98383E-05 0.879639 9.98383E-05 9.98383E-05 0.0383373 9.98383E-05 9.98383E-05 9.98383E-05 9.98383E-05 9.98383E-05 9.98383E-05 9.98383E-05 9.98383E-05 9.98383E-05 9.98383E-05 9.98383E-05 9.98383E-05 9.98383E-05 9.98383E-05 0.0802268 9.98383E-05
9.98294E-05 9.98294E-05 9.98294E-05 9.98294E-05 9.98294E-05 0.0131605 9.98294E-05 9.98294E-05 9.98294E-05 9.98294E-05 9.98294E-05 9.98294E-05 9.98294E-05 0.984943 9.98294E-05 9.98294E-05 9.98294E-05 9.98294E-05 9.98294E-05 9.98294E-05 9.98294E-05
0.0174434 9.98383E-05 9.98383E-05 0.848063 9.98383E-05 9.98383E-05 9.98383E-05 9.98383E-05 9.98383E-05 9.98383E-05 9.98383E-05 0.132696 9.98383E-05 9.98383E-05 9.98383E-05 9.98383E-05 9.98383E-05 9.98383E-05 9.98383E-05 9.98383E-05 9.98383E-05
9.98742E-05 9.98742E-05 9.98742E-05 0.0116236 0.000783891 9.98742E-05 9.98742E-05 9.98742E-05 9.98742E-05 9.98742E-05 9.98742E-05 9.98742E-05 0.0034152 9.98742E-05 0.000614511 0.000962309 9.98742E-05 0.00439917 9.98742E-05 0.976803 9.98742E-05
9.98294E-05 9.98294E-05 9.98294E-05 0.883465 9.98294E-05 9.98294E-05 9.98294E-05 9.98294E-05 9.98294E-05 9.98294E-05 9.98294E-05 9.98294E-05 9.98294E-05 0.114639 9.98294E-05 9.98294E-05 9.98294E-05 9.98294E-05 9.98294E-05 9.98294E-05 9.98294E-05
9.98742E-05 0.00721093 9.98742E-05 0.00825697 0.00384068 9.98742E-05 9.98742E-05 9.98742E-05 9.98742E-05 9.98742E-05 9.98742E-05 9.98742E-05 0.00195976 9.98742E-05 9.98742E-05 0.000172736 9.98742E-05 0.00321788 9.98742E-05 0.973943 9.98742E-05
9.99011E-05 9.99011E-05 0.00306314 9.99011E-05 9.99011E-05 9.99011E-05 9.99011E-05 9.99011E-05 0.00169547 0.0144425 0.0099886 9.99011E-05 0.934261 9.99011E-05 0.00569847 9.99011E-05 0.00651345 0.0100417 9.99011E-05 0.0107621 0.00243426
9.98563E-05 9.98563E-05 9.98563E-05 0.00845005 9.98563E-05 9.98563E-05 9.98563E-05 9.98563E-05 9.98563E-05 9.98563E-05 9.98563E-05 9.98563E-05 0.00223329 9.98563E-05 9.98563E-05 0.000270584 9.98563E-05 0.00344306 9.98563E-05 0.984005 9.98563E-05
9.98652E-05 9.98652E-05 9.98652E-05 0.0098954 9.98652E-05 9.98652E-05 9.98652E-05 9.98652E-05 9.98652E-05 9.98652E-05 9.98652E-05 9.98652E-05 0.00275797 9.98652E-05 0.00014672 0.000554423 9.98652E-05 0.00395935 9.98652E-05 0.981188 9.98652E-05
9.98294E-05 9.98294E-05 9.98294E-05 9.98294E-05 9.98294E-05 9.98294E-05 9.98294E-05 9.98294E-05 9.98294E-05 9.98294E-05 9.98294E-05 9.98294E-05 0.234891 0.763213 9.98294E-05 9.98294E-05 9.98294E-05 9.98294E-05 9.98294E-05 9.98294E-05 9.98294E-05
0.0112049 9.98473E-05 9.98473E-05 0.873425 9.98473E-05 9.98473E-05 9.98473E-05 9.98473E-05 9.98473E-05 9.98473E-05 9.98473E-05 9.98473E-05 0.00177241 9.98473E-05 9.98473E-05 9.98473E-05 9.98473E-05 9.98473E-05 9.98473E-05 0.1119 9.98473E-05
9.98377E-05 9.98377E-05 9.98377E-05 0.00790811 9.98377E-05 9.98377E-05 9.98377E-05 9.98377E-05 9.98377E-05 9.98377E-05 9.98377E-05 9.98377E-05 9.98377E-05 9.98377E-05 9.98377E-05 9.98377E-05 9.98377E-05 9.98377E-05 9.98377E-05 0.990195 9.98377E-05
9.98383E-05 9.98383E-05 9.98383E-05 9.98383E-05 9.98383E-05 9.98383E-05 9.98383E-05 9.98383E-05 0.108046 9.98383E-05 0.653849 9.98383E-05 0.236308 9.98383E-05 9.98383E-05 9.98383E-05 9.98383E-05 9.98383E-05 9.98383E-05 9.98383E-05 9.98383E-05
9.98204E-05 9.98204E-05 9.98204E-05 9.98204E-05 9.98204E-05 9.98204E-05 9.98204E-05 9.98204E-05 9.98204E-05 9.98204E-05 9.98204E-05 9.98204E-05 0.998004 9.98204E-05 9.98204E-05 9.98204E-05 9.98204E-05 9.98204E-05 9.98204E-05 9.98204E-05 9.98204E-05
9.98384E-05 9.98384E-05 9.98384E-05 0.000196043 9.98384E-05 9.98384E-05 9.98384E-05 9.98384E-05 9.98384E-05 9.98384E-05 9.98384E-05 9.98384E-05 0.529143 9.98384E-05 9.98384E-05 9.98384E-05 9.98384E-05 9.98384E-05 9.98384E-05 0.468864 9.98384E-05
9.98742E-05 9.98742E-05 9.98742E-05 0.0116236 0.000783891 9.98742E-05 9.98742E-05 9.98742E-05 9.98742E-05 9.98742E-05 9.98742E-05 9.98742E-05 0.0034152 9.98742E-05 0.000614511 0.000962309 9.98742E-05 0.00439917 9.98742E-05 0.976803 9.98742E-05
9.98832E-05 9.98832E-05 0.00344409 0.00255176 9.98832E-05 9.98832E-05 9.98832E-05 9.98832E-05 0.000420065 0.00300808 9.98832E-05 9.98832E-05 0.48363 9.98832E-05 9.98832E-05 0.00323992 0.00252831 9.98832E-05 9.98832E-05 0.499879 9.98832E-05
9.98563E-05 9.98563E-05 9.98563E-05 0.00885871 9.98563E-05 9.98563E-05 9.98563E-05 9.98563E-05 9.98563E-05 9.98563E-05 9.98563E-05 0.0060448 9.98563E-05 9.98563E-05 9.98563E-05 0.0153728 9.98563E-05 9.98563E-05 9.98563E-05 0.851956 0.11617
9.98742E-05 9.98742E-05 9.98742E-05 0.0116236 0.000783891 9.98742E-05 9.98742E-05 9.98742E-05 9.98742E-05 9.98742E-05 9.98742E-05 9.98742E-05 0.0034152 9.98742E-05 0.000614511 0.000962309 9.98742E-05 0.00439917 9.98742E-05 0.976803 9.98742E-05
0.0116897 9.98383E-05 9.98383E-05 0.868732 9.98383E-05 9.98383E-05 9.98383E-05 9.98383E-05 9.98383E-05 9.98383E-05 9.98383E-05 9.98383E-05 9.98383E-05 9.98383E-05 9.98383E-05 9.98383E-05 9.98383E-05 9.98383E-05 9.98383E-05 0.117781 9.98383E-05
9.98294E-05 9.98294E-05 9.98294E-05 0.885157 9.98294E-05 9.98294E-05 9.98294E-05 9.98294E-05 9.98294E-05 9.98294E-05 9.98294E-05 9.98294E-05 9.98294E-05 0.112946 9.98294E-05 9.98294E-05 9.98294E-05 9.98294E-05 9.98294E-05 9.98294E-05 9.98294E-05
9.98652E-05 9.98652E-05 9.98652E-05 0.00818582 9.98652E-05 9.98652E-05 9.98652E-05 9.98652E-05 9.98652E-05 9.98652E-05 9.98652E-05 9.98652E-05 0.000397362 9.98652E-05 9.98652E-05 0.00013199 9.98652E-05 0.00337566 9.98652E-05 0.984651 0.00176
9.98384E-05 9.98384E-05 9.98384E-05 9.98384E-05 9.98384E-05 0.107661 9.98384E-05 9.98384E-05 9.98384E-05 9.98384E-05 9.98384E-05 9.98384E-05 9.98384E-05 0.0118884 9.98384E-05 9.98384E-05 9.98384E-05 9.98384E-05 9.98384E-05 0.878653 9.98384E-05
9.98473E-05 9.98473E-05 9.98473E-05 0.00502694 9.98473E-05 9.98473E-05 9.98473E-05 9.98473E-05 9.98473E-05 9.98473E-05 9.98473E-05 9.98473E-05 0.00316668 9.98473E-05 9.98473E-05 9.98473E-05 9.98473E-05 0.00103532 9.98473E-05 0.989074 9.98473E-05
0.00311238 9.98473E-05 9.98473E-05 0.954156 9.98473E-05 9.98473E-05 9.98473E-05 9.98473E-05 9.98473E-05 9.98473E-05 9.98473E-05 9.98473E-05 9.98473E-05 9.98473E-05 9.98473E-05 9.98473E-05 9.98473E-05 0.000211153 9.98473E-05 0.0408227 9.98473E-05
9.98383E-05 9.98383E-05 9.98383E-05 0.872972 9.98383E-05 9.98383E-05 9.98383E-05 9.98383E-05 9.98383E-05 9.98383E-05 9.98383E-05 9.98383E-05 9.98383E-05 0.122135 9.98383E-05 9.98383E-05 0.00309527 9.98383E-05 9.98383E-05 9.98383E-05 9.98383E-05
9.98473E-05 0.00370873 9.98473E-05 9.98473E-05 9.98473E-05 9.98473E-05 9.98473E-05 9.98473E-05 9.98473E-05 9.98473E-05 9.98473E-05 0.870022 9.98473E-05 9.98473E-05 9.98473E-05 9.98473E-05 9.98473E-05 0.0008705 9.98473E-05 0.123702 9.98473E-05
0.0173539 9.98562E-05 9.98562E-05 0.831821 9.98562E-05 9.98562E-05 9.98562E-05 9.98562E-05 9.98562E-05 0.000996863 9.98562E-05 0.115553 9.98562E-05 9.98562E-05 9.98562E-05 9.98562E-05 9.98562E-05 9.98562E-05 9.98562E-05 0.0326779 9.98562E-05
9.98204E-05 9.98204E-05 9.98204E-05 9.98204E-05 9.98204E-05 9.98204E-05 9.98204E-05 9.98204E-05 9.98204E-05 9.98204E-05 9.98204E-05 0.998004 9.98204E-05 9.98204E-05 9.98204E-05 9.98204E-05 9.98204E-05 9.98204E-05 9.98204E-05 9.98204E-05 9.98204E-05
9.98473E-05 9.98473E-05 9.98473E-05 9.98473E-05 9.98473E-05 9.98473E-05 9.98473E-05 9.98473E-05 0.986795 9.98473E-05 9.98473E-05 9.98473E-05 0.00371644 9.98473E-05 9.98473E-05 9.98473E-05 9.98473E-05 9.98473E-05 0.00376666 9.98473E-05 0.00402465
9.98473E-05 9.98473E-05 9.98473E-05 0.00710617 9.98473E-05 9.98473E-05 9.98473E-05 9.98473E-05 9.98473E-05 9.98473E-05 9.98473E-05 9.98473E-05 0.00372803 9.98473E-05 9.98473E-05 9.98473E-05 9.98473E-05 0.00192628 9.98473E-05 0.985542 9.98473E-05
9.98383E-05 9.98383E-05 9.98383E-05 0.00564571 9.98383E-05 9.98383E-05 9.98383E-05 9.98383E-05 9.98383E-05 9.98383E-05 9.98383E-05 9.98383E-05 9.98383E-05 9.98383E-05 9.98383E-05 9.98383E-05 0.135572 9.98383E-05 9.98383E-05 0.856985 9.98383E-05
0.119166 9.98563E-05 9.98563E-05 0.595606 9.98563E-05 9.98563E-05 9.98563E-05 9.98563E-05 9.98563E-05 9.98563E-05 9.98563E-05 0.112326 9.98563E-05 9.98563E-05 9.98563E-05 0.132124 9.98563E-05 9.98563E-05 0.0391798 9.98563E-05 9.98563E-05
9.98204E-05 9.98204E-05 9.98204E-05 9.98204E-05 9.98204E-05 9.98204E-05 9.98204E-05 9.98204E-05 9.98204E-05 9.98204E-05 9.98204E-05 9.98204E-05 9.98204E-05 9.98204E-05 9.98204E-05 9.98204E-05 9.98204E-05 9.98204E-05 9.98204E-05 9.98204E-05 0.998004
9.98383E-05 9.98383E-05 9.98383E-05 0.766507 9.98383E-05 9.98383E-05 9.98383E-05 0.111804 9.98383E-05 9.98383E-05 9.98383E-05 9.98383E-05 9.98383E-05 0.119891 9.98383E-05 9.98383E-05 9.98383E-05 9.98383E-05 9.98383E-05 9.98383E-05 9.98383E-05
9.98653E-05 9.98653E-05 9.98653E-05 9.98653E-05 9.98653E-05 9.98653E-05 9.98653E-05 9.98653E-05 9.98653E-05 0.00416242 9.98653E-05 9.98653E-05 0.981791 9.98653E-05 0.00112487 9.98653E-05 0.0014302 0.00446425 9.98653E-05 0.00552947 9.98653E-05
9.98832E-05 9.98832E-05 0.00390089 0.00351361 9.98832E-05 9.98832E-05 9.98832E-05 9.98832E-05 0.000738811 0.00372854 9.98832E-05 9.98832E-05 0.481517 9.98832E-05 9.98832E-05 0.00350286 0.00294307 9.98832E-05 9.98832E-05 0.498857 9.98832E-05
9.99101E-05 9.99101E-05 0.00176656 9.99101E-05 9.99101E-05 9.99101E-05 9.99101E-05 9.99101E-05 0.0461299 0.0120562 0.00532696 9.99101E-05 0.774507 9.99101E-05 0.00328298 9.99101E-05 0.00552156 0.00370531 0.0193824 0.00614731 0.121174
0.0168039 9.98383E-05 9.98383E-05 0.846541 9.98383E-05 9.98383E-05 9.98383E-05 9.98383E-05 9.98383E-05 9.98383E-05 9.98383E-05 0.134858 9.98383E-05 9.98383E-05 9.98383E-05 9.98383E-05 9.98383E-05 9.98383E-05 9.98383E-05 9.98383E-05 9.98383E-05
0.00990822 9.98473E-05 9.98473E-05 0.884199 9.98473E-05 9.98473E-05 9.98473E-05 9.98473E-05 9.98473E-05 9.98473E-05 9.98473E-05 9.98473E-05 9.98473E-05 9.98473E-05 9.98473E-05 9.98473E-05 9.98473E-05 0.00834341 9.98473E-05 0.0958515 9.98473E-05
9.98294E-05 9.98294E-05 9.98294E-05 0.883809 9.98294E-05 9.98294E-05 9.98294E-05 9.98294E-05 9.98294E-05 9.98294E-05 9.98294E-05 9.98294E-05 9.98294E-05 0.114294 9.98294E-05 9.98294E-05 9.98294E-05 9.98294E-05 9.98294E-05 9.98294E-05 9.98294E-05
9.98742E-05 9.98742E-05 9.98742E-05 0.479785 9.98742E-05 0.00643977 9.98742E-05 9.98742E-05 9.98742E-05 9.98742E-05 9.98742E-05 0.0602027 0.106372 0.120749 0.0902054 9.98742E-05 9.98742E-05 0.134848 9.98742E-05 9.98742E-05 9.98742E-05
9.98383E-05 9.98383E-05 9.98383E-05 9.98383E-05 9.98383E-05 9.98383E-05 9.98383E-05 9.98383E-05 9.98383E-05 9.98383E-05 9.98383E-05 9.98383E-05 0.0546705 0.001353 9.98383E-05 9.98383E-05 9.98383E-05 9.98383E-05 9.98383E-05 9.98383E-05 0.942179
9.98383E-05 9.98383E-05 9.98383E-05 0.00260945 9.98383E-05 9.98383E-05 9.98383E-05 9.98383E-05 9.98383E-05 9.98383E-05 9.98383E-05 9.98383E-05 9.98383E-05 9.98383E-05 9.98383E-05 9.98383E-05 9.98383E-05 0.00118292 9.98383E-05 0.994411 9.98383E-05
9.98563E-05 9.98563E-05 0.0097814 9.98563E-05 9.98563E-05 9.98563E-05 9.98563E-05 9.98563E-05 0.813106 9.98563E-05 9.98563E-05 9.98563E-05 0.0365854 9.98563E-05 9.98563E-05 9.98563E-05 9.98563E-05 9.98563E-05 0.0593488 9.98563E-05 0.0795806
9.98204E-05 9.98204E-05 9.98204E-05 9.98204E-05 9.98204E-05 9.98204E-05 9.98204E-05 9.98204E-05 9.98204E-05 9.98204E-05 9.98204E-05 9.98204E-05 9.98204E-05 9.98204E-05 9.98204E-05 9.98204E-05 9.98204E-05 9.98204E-05 9.98204E-05 9.98204E-05 0.998004
9.98473E-05 9.98473E-05 9.98473E-05 9.98473E-05 0.912667 9.98473E-05 9.98473E-05 9.98473E-05 0.0194764 9.98473E-05 9.98473E-05 9.98473E-05 9.98473E-05 9.98473E-05 9.98473E-05 9.98473E-05 9.98473E-05 9.98473E-05 0.00405429 9.98473E-05 0.062105
9.98563E-05 9.98563E-05 9.98563E-05 9.98563E-05 9.98563E-05 9.98563E-05 9.98563E-05 0.00226519 9.98563E-05 9.98563E-05 9.98563E-05 9.98563E-05 0.00764663 9.98563E-05 0.00580566 9.98563E-05 9.98563E-05 0.972945 9.98563E-05 0.00974004 9.98563E-05
9.98293E-05 9.98293E-05 9.98293E-05 9.98293E-05 0.000226757 9.98293E-05 9.98293E-05 9.98293E-05 9.98293E-05 9.98293E-05 9.98293E-05 9.98293E-05 0.997876 9.98293E-05 9.98293E-05 9.98293E-05 9.98293E-05 9.98293E-05 9.98293E-05 9.98293E-05 9.98293E-05
9.98204E-05 9.98204E-05 0.998004 9.98204E-05 9.98204E-05 9.98204E-05 9.98204E-05 9.98204E-05 9.98204E-05 9.98204E-05 9.98204E-05 9.98204E-05 9.98204E-05 9.98204E-05 9.98204E-05 9.98204E-05 9.98204E-05 9.98204E-05 9.98204E-05 9.98204E-05 9.98204E-05
9.98204E-05 9.98204E-05 9.98204E-05 9.98204E-05 9.98204E-05 9.98204E-05 9.98204E-05 9.98204E-05 0.998004 9.98204E-05 9.98204E-05 9.98204E-05 9.98204E-05 9.98204E-05 9.98204E-05 9.98204E-05 9.98204E-05 9.98204E-05 9.98204E-05 9.98204E-05 9.98204E-05
0.000526418 0.00206723 9.99011E-05 9.99011E-05 9.99011E-05 0.0248287 9.99011E-05 9.99011E-05 9.99011E-05 0.00397998 0.000152199 9.99011E-05 0.255055 9.99011E-05 0.183534 9.99011E-05 0.0004048 0.262413 9.99011E-05 0.265939 9.99011E-05
9.98383E-05 9.98383E-05 0.928734 9.98383E-05 9.98383E-05 9.98383E-05 9.98383E-05 9.98383E-05 9.98383E-05 9.98383E-05 9.98383E-05 9.98383E-05 0.0589305 9.98383E-05 9.98383E-05 9.98383E-05 0.0105385 9.98383E-05 9.98383E-05 9.98383E-05 9.98383E-05
9.98652E-05 9.98652E-05 9.98652E-05 0.0178242 0.00354248 9.98652E-05 9.98652E-05 9.98652E-05 9.98652E-05 9.98652E-05 9.98652E-05 0.00790223 9.98652E-05 9.98652E-05 9.98652E-05 0.0172204 9.98652E-05 9.98652E-05 9.98652E-05 0.835573 0.11644
0.0154888 9.98383E-05 9.98383E-05 0.834786 9.98383E-05 9.98383E-05 9.98383E-05 9.98383E-05 9.98383E-05 9.98383E-05 9.98383E-05 9.98383E-05 9.98383E-05 9.98383E-05 9.98383E-05 9.98383E-05 9.98383E-05 9.98383E-05 9.98383E-05 0.147928 9.98383E-05
0.0169442 9.98383E-05 9.98383E-05 0.822172 9.98383E-05 9.98383E-05 9.98383E-05 9.98383E-05 9.98383E-05 9.98383E-05 9.98383E-05 9.98383E-05 9.98383E-05 9.98383E-05 9.98383E-05 9.98383E-05 9.98383E-05 9.98383E-05 9.98383E-05 0.159086 9.98383E-05
9.99011E-05 9.99011E-05 0.00232135 9.99011E-05 9.99011E-05 9.99011E-05 9.99011E-05 9.99011E-05 0.00143606 0.0130323 0.0080783 9.99011E-05 0.941563 9.99011E-05 0.00467949 9.99011E-05 0.00582035 0.00880367 9.99011E-05 0.0112435 0.00192347
9.98473E-05 9.98473E-05 9.98473E-05 9.98473E-05 9.98473E-05 9.98473E-05 9.98473E-05 9.98473E-05 0.865315 9.98473E-05 9.98473E-05 9.98473E-05 0.0330016 9.98473E-05 9.98473E-05 9.98473E-05 9.98473E-05 9.98473E-05 0.0428075 9.98473E-05 0.0571788
9.98563E-05 9.98563E-05 9.98563E-05 9.98563E-05 9.98563E-05 0.0639649 9.98563E-05 9.98563E-05 9.98563E-05 0.00250152 0.525574 9.98563E-05 0.404919 9.98563E-05 9.98563E-05 9.98563E-05 0.0014425 9.98563E-05 9.98563E-05 9.98563E-05 9.98563E-05
0.000810681 0.0014856 9.98921E-05 9.98921E-05 9.98921E-05 0.0255669 9.98921E-05 9.98921E-05 0.204648 9.98921E-05 9.98921E-05 9.98921E-05 0.0400096 9.98921E-05 0.174867 9.98921E-05 9.98921E-05 0.271802 9.98921E-05 0.253775 0.0258365
9.98204E-05 9.98204E-05 9.98204E-05 9.98204E-05 9.98204E-05 9.98204E-05 9.98204E-05 9.98204E-05 0.998004 9.98204E-05 9.98204E-05 9.98204E-05 9.98204E-05 9.98204E-05 9.98204E-05 9.98204E-05 9.98204E-05 9.98204E-05 9.98204E-05 9.98204E-05 9.98204E-05
9.98473E-05 9.98473E-05 9.98473E-05 0.00733363 9.98473E-05 9.98473E-05 9.98473E-05 9.98473E-05 9.98473E-05 9.98473E-05 9.98473E-05 9.98473E-05 9.98473E-05 9.98473E-05 0.0181655 0.000165111 9.98473E-05 9.98473E-05 9.98473E-05 0.972638 9.98473E-05
9.98293E-05 9.98293E-05 9.98293E-05 0.875468 9.98293E-05 9.98293E-05 9.98293E-05 9.98293E-05 9.98293E-05 9.98293E-05 9.98293E-05 9.98293E-05 9.98293E-05 0.122635 9.98293E-05 9.98293E-05 9.98293E-05 9.98293E-05 9.98293E-05 9.98293E-05 9.98293E-05
9.98204E-05 9.98204E-05 9.98204E-05 9.98204E-05 9.98204E-05 9.98204E-05 9.98204E-05 9.98204E-05 9.98204E-05 9.98204E-05 9.98204E-05 9.98204E-05 9.98204E-05 9.98204E-05 9.98204E-05 9.98204E-05 9.98204E-05 9.98204E-05 9.98204E-05 9.98204E-05 0.998004
9.98742E-05 9.98742E-05 9.98742E-05 0.0116236 0.000783891 9.98742E-05 9.98742E-05 9.98742E-05 9.98742E-05 9.98742E-05 9.98742E-05 9.98742E-05 0.0034152 9.98742E-05 0.000614511 0.000962309 9.98742E-05 0.00439917 9.98742E-05 0.976803 9.98742E-05
9.98613E-05 9.98613E-05 9.98613E-05 0.0259308 9.98613E-05 9.98613E-05 9.98613E-05 9.98613E-05 9.98613E-05 9.98613E-05 9.98613E-05 9.98613E-05 0.00128732 9.98613E-05 9.98613E-05 0.000538074 9.98613E-05 0.00747453 9.98613E-05 0.963172 9.98613E-05
9.98652E-05 9.98652E-05 9.98652E-05 0.0325372 0.000153096 9.98652E-05 9.98652E-05 9.98652E-05 9.98652E-05 9.98652E-05 9.98652E-05 0.000379048 9.98652E-05 9.98652E-05 9.98652E-05 0.000568748 9.98652E-05 0.0111489 9.98652E-05 0.953715 9.98652E-05
9.98204E-05 9.98204E-05 9.98204E-05 9.98204E-05 9.98204E-05 9.98204E-05 9.98204E-05 9.98204E-05 9.98204E-05 9.98204E-05 9.98204E-05 9.98204E-05 9.98204E-05 9.98204E-05 9.98204E-05 9.98204E-05 9.98204E-05 9.98204E-05 9.98204E-05 9.98204E-05 0.998004
9.98652E-05 9.98652E-05 9.98652E-05 0.0082108 9.98652E-05 9.98652E-05 9.98652E-05 9.98652E-05 9.98652E-05 9.98652E-05 9.98652E-05 9.98652E-05 0.00146496 9.98652E-05 0.00120917 0.000239162 9.98652E-05 0.00438232 9.98652E-05 0.982996 9.98652E-05
9.99011E-05 9.99011E-05 0.00232808 9.99011E-05 9.99011E-05 9.99011E-05 9.99011E-05 9.99011E-05 0.00143388 0.0130201 0.00806522 9.99011E-05 0.942081 9.99011E-05 0.00499655 9.99011E-05 0.00582256 0.00925424 9.99011E-05 0.00997413 0.00192539
9.99011E-05 9.99011E-05 0.00232808 9.99011E-05 9.99011E-05 9.99011E-05 9.99011E-05 9.99011E-05 0.00143388 0.0130201 0.00806522 9.99011E-05 0.942081 9.99011E-05 0.00499655 9.99011E-05 0.00582256 0.00925424 9.99011E-05 0.00997413 0.00192539
0.0158332 9.98742E-05 9.98742E-05 0.829829 0.000993947 9.98742E-05 9.98742E-05 9.98742E-05 9.98742E-05 9.98742E-05 9.98742E-05 0.00369655 9.98742E-05 9.98742E-05 9.98742E-05 0.0152563 9.98742E-05 9.98742E-05 9.98742E-05 0.0222112 0.110782
9.98293E-05 9.98293E-05 9.98293E-05 0.943104 9.98293E-05 9.98293E-05 0.0549997 9.98293E-05 9.98293E-05 9.98293E-05 9.98293E-05 9.98293E-05 9.98293E-05 9.98293E-05 9.98293E-05 9.98293E-05 9.98293E-05 9.98293E-05 9.98293E-05 9.98293E-05 9.98293E-05
9.98652E-05 9.98652E-05 9.98652E-05 9.98652E-05 9.98652E-05 0.00541232 9.98652E-05 9.98652E-05 9.98652E-05 0.000784188 9.98652E-05 9.98652E-05 0.0698931 9.98652E-05 0.774202 9.98652E-05 9.98652E-05 0.0730981 9.98652E-05 0.0751129 9.98652E-05
9.98473E-05 9.98473E-05 9.98473E-05 9.98473E-05 9.98473E-05 9.98473E-05 9.98473E-05 9.98473E-05 0.792458 9.98473E-05 9.98473E-05 9.98473E-05 0.171561 9.98473E-05 0.0171689 9.98473E-05 9.98473E-05 9.98473E-05 0.0171144 9.98473E-05 9.98473E-05
9.98294E-05 9.98294E-05 9.98294E-05 9.98294E-05 9.98294E-05 9.98294E-05 9.98294E-05 9.98294E-05 9.98294E-05 9.98294E-05 0.220885 9.98294E-05 9.98294E-05 9.98294E-05 9.98294E-05 9.98294E-05 9.98294E-05 9.98294E-05 9.98294E-05 0.777218 9.98294E-05
9.98383E-05 9.98383E-05 9.98383E-05 0.00467393 9.98383E-05 9.98383E-05 9.98383E-05 9.98383E-05 9.98383E-05 9.98383E-05 0.221118 9.98383E-05 9.98383E-05 9.98383E-05 9.98383E-05 9.98383E-05 9.98383E-05 9.98383E-05 9.98383E-05 0.772411 9.98383E-05
9.98204E-05 9.98204E-05 9.98204E-05 9.98204E-05 9.98204E-05 9.98204E-05 9.98204E-05 9.98204E-05 0.998004 9.98204E-05 9.98204E-05 9.98204E-05 9.98204E-05 9.98204E-05 9.98204E-05 9.98204E-05 9.98204E-05 9.98204E-05 9.98204E-05 9.98204E-05 9.98204E-05
9.98204E-05 9.98204E-05 9.98204E-05 9.98204E-05 9.98204E-05 9.98204E-05 9.98204E-05 9.98204E-05 0.998004 9.98204E-05 9.98204E-05 9.98204E-05 9.98204E-05 9.98204E-05 9.98204E-05 9.98204E-05 9.98204E-05 9.98204E-05 9.98204E-05 9.98204E-05 9.98204E-05
9.98742E-05 9.98742E-05 9.98742E-05 0.0116236 0.000783891 9.98742E-05 9.98742E-05 9.98742E-05 9.98742E-05 9.98742E-05 9.98742E-05 9.98742E-05 0.0034152 9.98742E-05 0.000614511 0.000962309 9.98742E-05 0.00439917 9.98742E-05 0.976803 9.98742E-05
9.98383E-05 0.11026 9.98383E-05 0.764768 9.98383E-05 9.98383E-05 9.98383E-05 9.98383E-05 9.98383E-05 9.98383E-05 9.98383E-05 9.98383E-05 9.98383E-05 0.123175 9.98383E-05 9.98383E-05 9.98383E-05 9.98383E-05 9.98383E-05 9.98383E-05 9.98383E-05
9.98742E-05 9.98742E-05 9.98742E-05 0.0116236 0.000783891 9.98742E-05 9.98742E-05 9.98742E-05 9.98742E-05 9.98742E-05 9.98742E-05 9.98742E-05 0.0034152 9.98742E-05 0.000614511 0.000962309 9.98742E-05 0.00439917 9.98742E-05 0.976803 9.98742E-05
9.98204E-05 9.98204E-05 9.98204E-05 9.98204E-05 9.98204E-05 9.98204E-05 9.98204E-05 9.98204E-05 9.98204E-05 9.98204E-05 9.98204E-05 0.998004 9.98204E-05 9.98204E-05 9.98204E-05 9.98204E-05 9.98204E-05 9.98204E-05 9.98204E-05 9.98204E-05 9.98204E-05
9.98204E-05 9.98204E-05 9.98204E-05 9.98204E-05 9.98204E-05 9.98204E-05 9.98204E-05 9.98204E-05 9.98204E-05 9.98204E-05 9.98204E-05 0.998004 9.98204E-05 9.98204E-05 9.98204E-05 9.98204E-05 9.98204E-05 9.98204E-05 9.98204E-05 9.98204E-05 9.98204E-05
0.0447551 9.98294E-05 9.98294E-05 9.98294E-05 9.98294E-05 9.98294E-05 9.98294E-05 9.98294E-05 9.98294E-05 9.98294E-05 9.98294E-05 9.98294E-05 0.953348 9.98294E-05 9.98294E-05 9.98294E-05 9.98294E-05 9.98294E-05 9.98294E-05 9.98294E-05 9.98294E-05
9.9858E-05 9.9858E-05 9.9858E-05 9.9858E-05 9.9858E-05 9.9858E-05 9.9858E-05 9.9858E-05 9.9858E-05 0.465288 9.9858E-05 9.9858E-05 0.525049 9.9858E-05 9.9858E-05 9.9858E-05 0.00210114 0.00383269 9.9858E-05 0.00213146 9.9858E-05
9.98294E-05 9.98294E-05 9.98294E-05 9.98294E-05 9.98294E-05 9.98294E-05 9.98294E-05 9.98294E-05 9.98294E-05 9.98294E-05 9.98294E-05 9.98294E-05 0.924924 9.98294E-05 9.98294E-05 9.98294E-05 9.98294E-05 9.98294E-05 0.0731795 9.98294E-05 9.98294E-05
9.98204E-05 9.98204E-05 9.98204E-05 9.98204E-05 9.98204E-05 9.98204E-05 9.98204E-05 9.98204E-05 9.98204E-05 9.98204E-05 9.98204E-05 9.98204E-05 9.98204E-05 9.98204E-05 9.98204E-05 9.98204E-05 9.98204E-05 9.98204E-05 9.98204E-05 0.998004 9.98204E-05
9.98204E-05 9.98204E-05 9.98204E-05 9.98204E-05 9.98204E-05 9.98204E-05 9.98204E-05 9.98204E-05 9.98204E-05 9.98204E-05 9.98204E-05 9.98204E-05 0.998004 9.98204E-05 9.98204E-05 9.98204E-05 9.98204E-05 9.98204E-05 9.98204E-05 9.98204E-05 9.98204E-05
9.98742E-05 9.98742E-05 9.98742E-05 0.0116236 0.000783891 9.98742E-05 9.98742E-05 9.98742E-05 9.98742E-05 9.98742E-05 9.98742E-05 9.98742E-05 0.0034152 9.98742E-05 0.000614511 0.000962309 9.98742E-05 0.00439917 9.98742E-05 0.976803 9.98742E-05
9.98293E-05 9.98293E-05 9.98293E-05 0.941704 9.98293E-05 9.98293E-05 0.056399 9.98293E-05 9.98293E-05 9.98293E-05 9.98293E-05 9.98293E-05 9.98293E-05 9.98293E-05 9.98293E-05 9.98293E-05 9.98293E-05 9.98293E-05 9.98293E-05 9.98293E-05 9.98293E-05
9.98652E-05 9.98652E-05 9.98652E-05 9.98652E-05 9.98652E-05 9.98652E-05 9.98652E-05 9.98652E-05 9.98652E-05 0.00309215 9.98652E-05 9.98652E-05 0.985938 9.98652E-05 0.000628436 9.98652E-05 0.00135563 0.00343432 9.98652E-05 0.00405379 9.98652E-05
9.98473E-05 9.98473E-05 9.98473E-05 9.98473E-05 9.98473E-05 9.98473E-05 9.98473E-05 9.98473E-05 0.428961 9.98473E-05 9.98473E-05 9.98473E-05 0.135009 9.98473E-05 9.98473E-05 9.98473E-05 9.98473E-05 9.98473E-05 0.182186 9.98473E-05 0.252146
9.98832E-05 9.98832E-05 9.98832E-05 9.98832E-05 9.98832E-05 9.98832E-05 9.98832E-05 9.98832E-05 0.0890407 0.00030889 9.98832E-05 9.98832E-05 0.621316 9.98832E-05 0.00234177 9.98832E-05 0.00169783 0.00543332 0.0383765 9.98832E-05 0.240187
0.000118618 0.00129474 9.99011E-05 9.99011E-05 9.99011E-05 0.0247396 9.99011E-05 9.99011E-05 9.99011E-05 0.00357018 9.99011E-05 9.99011E-05 0.254109 9.99011E-05 0.184749 0.000936796 0.000108675 0.263034 9.99011E-05 0.26624 9.99011E-05
9.98832E-05 9.98832E-05 9.98832E-05 9.98832E-05 9.98832E-05 9.98832E-05 9.98832E-05 9.98832E-05 0.208722 0.00624927 9.98832E-05 9.98832E-05 0.744073 9.98832E-05 0.000839121 9.98832E-05 0.00325094 0.00742994 9.98832E-05 0.000693947 0.0274435
9.98652E-05 9.98652E-05 9.98652E-05 9.98652E-05 9.98652E-05 9.98652E-05 9.98652E-05 9.98652E-05 9.98652E-05 0.00340604 9.98652E-05 9.98652E-05 0.984721 9.98652E-05 0.00100032 9.98652E-05 0.00173613 0.00349092 9.98652E-05 0.00414716 9.98652E-05
9.98726E-05 9.98726E-05 9.98726E-05 9.98726E-05 9.98726E-05 9.98726E-05 9.98726E-05 9.98726E-05 9.98726E-05 0.0056603 9.98726E-05 9.98726E-05 0.978189 9.98726E-05 0.00159475 9.98726E-05 0.00230728 0.00504464 9.98726E-05 0.00570619 9.98726E-05
9.98832E-05 9.98832E-05 9.98832E-05 9.98832E-05 0.00649708 0.0269085 9.98832E-05 0.0026014 0.0990812 9.98832E-05 9.98832E-05 9.98832E-05 9.98832E-05 9.98832E-05 0.182153 9.98832E-05 9.98832E-05 0.247043 0.179237 0.255179 9.98832E-05
9.99011E-05 9.99011E-05 0.00158209 9.99011E-05 9.99011E-05 9.99011E-05 9.99011E-05 9.99011E-05 0.00116886 0.0115705 0.00610889 9.99011E-05 0.950058 9.99011E-05 0.00428348 9.99011E-05 0.00509942 0.00845039 9.99011E-05 0.00917012 0.00140925
9.98293E-05 9.98293E-05 9.98293E-05 0.941704 9.98293E-05 9.98293E-05 0.056399 9.98293E-05 9.98293E-05 9.98293E-05 9.98293E-05 9.98293E-05 9.98293E-05 9.98293E-05 9.98293E-05 9.98293E-05 9.98293E-05 9.98293E-05 9.98293E-05 9.98293E-05 9.98293E-05
9.98204E-05 9.98204E-05 9.98204E-05 9.98204E-05 9.98204E-05 9.98204E-05 9.98204E-05 9.98204E-05 9.98204E-05 9.98204E-05 9.98204E-05 9.98204E-05 0.998004 9.98204E-05 9.98204E-05 9.98204E-05 9.98204E-05 9.98204E-05 9.98204E-05 9.98204E-05 9.98204E-05
0.081385 9.98563E-05 9.98563E-05 9.98563E-05 9.98563E-05 9.98563E-05 9.98563E-05 9.98563E-05 0.0473778 9.98563E-05 9.98563E-05 9.98563E-05 0.742514 9.98563E-05 9.98563E-05 9.98563E-05 9.98563E-05 9.98563E-05 0.00949111 9.98563E-05 0.117634
9.98652E-05 9.98652E-05 9.98652E-05 9.98652E-05 9.98652E-05 9.98652E-05 9.98652E-05 9.98652E-05 0.303745 0.000398989 9.98652E-05 9.98652E-05 0.201034 9.98652E-05 9.98652E-05 9.98652E-05 0.00100916 9.98652E-05 0.129702 9.98652E-05 0.362613
9.99101E-05 9.99101E-05 0.00112545 9.99101E-05 9.99101E-05 9.99101E-05 9.99101E-05 9.99101E-05 0.0457636 0.010888 0.00370074 9.99101E-05 0.780622 9.99101E-05 0.00267817 9.99101E-05 0.0049332 0.00305972 0.0190762 0.00550114 0.121653
0.00608643 9.98742E-05 9.98742E-05 0.516343 9.98742E-05 0.0113851 9.98742E-05 9.98742E-05 0.16375 9.98742E-05 9.98742E-05 9.98742E-05 9.98742E-05 9.98742E-05 0.0940653 9.98742E-05 9.98742E-05 0.142964 0.0640077 9.98742E-05 9.98742E-05
9.98294E-05 9.98294E-05 9.98294E-05 0.953366 9.98294E-05 9.98294E-05 0.0447373 9.98294E-05 9.98294E-05 9.98294E-05 9.98294E-05 9.98294E-05 9.98294E-05 9.98294E-05 9.98294E-05 9.98294E-05 9.98294E-05 9.98294E-05 9.98294E-05 9.98294E-05 9.98294E-05
9.98563E-05 9.98563E-05 9.98563E-05 9.98563E-05 9.98563E-05 0.021394 9.98563E-05 9.98563E-05 9.98563E-05 9.98563E-05 9.98563E-05 9.98563E-05 0.22936 9.98563E-05 0.180855 9.98563E-05 9.98563E-05 0.248332 9.98563E-05 0.318461 9.98563E-05
9.98832E-05 9.98832E-05 9.98832E-05 9.98832E-05 9.98832E-05 9.98832E-05 9.98832E-05 9.98832E-05 0.000525265 0.00617886 9.98832E-05 9.98832E-05 0.975638 9.98832E-05 0.00217245 9.98832E-05 0.00290224 0.00514583 9.98832E-05 0.00587207 0.000266797
0.00050926 0.21165 0.00403506 9.99011E-05 9.99011E-05 0.0245657 9.99011E-05 9.99011E-05 9.99011E-05 0.00406309 9.99011E-05 9.99011E-05 0.245951 9.99011E-05 0.181577 9.99011E-05 0.000528306 0.258962 9.99011E-05 0.0670597 9.99011E-05
9.98562E-05 9.98562E-05 9.98562E-05 9.98562E-05 9.98562E-05 9.98562E-05 9.98562E-05 0.00446238 9.98562E-05 9.98562E-05 9.98562E-05 9.98562E-05 0.0109204 9.98562E-05 0.00812042 9.98562E-05 9.98562E-05 0.961992 9.98562E-05 0.012907 9.98562E-05
9.98652E-05 9.98652E-05 9.98652E-05 9.98652E-05 9.98652E-05 9.98652E-05 9.98652E-05 9.98652E-05 9.98652E-05 0.00340604 9.98652E-05 9.98652E-05 0.984721 9.98652E-05 0.00100032 9.98652E-05 0.00173613 0.00349092 9.98652E-05 0.00414716 9.98652E-05
9.98832E-05 9.98832E-05 9.98832E-05 9.98832E-05 9.98832E-05 9.98832E-05 9.98832E-05 9.98832E-05 0.000776996 0.444854 0.00100209 9.98832E-05 0.540462 9.98832E-05 0.000347223 9.98832E-05 0.00299591 0.00502417 9.98832E-05 0.00323841 9.98832E-05
9.99101E-05 9.99101E-05 0.00232602 0.000588564 9.99101E-05 9.99101E-05 9.99101E-05 9.99101E-05 0.00143452 0.0130197 0.00806584 9.99101E-05 0.94217 9.99101E-05 0.00496156 9.99101E-05 0.00580041 0.00921119 9.99101E-05 0.00950274 0.00192068
9.98742E-05 9.98742E-05 9.98742E-05 0.0116236 0.000783891 9.98742E-05 9.98742E-05 9.98742E-05 9.98742E-05 9.98742E-05 9.98742E-05 9.98742E-05 0.0034152 9.98742E-05 0.000614511 0.000962309 9.98742E-05 0.00439917 9.98742E-05 0.976803 9.98742E-05
9.98652E-05 9.98652E-05 9.98652E-05 9.98652E-05 9.98652E-05 9.98652E-05 9.98652E-05 9.98652E-05 9.98652E-05 0.00340604 9.98652E-05 9.98652E-05 0.984721 9.98652E-05 0.00100032 9.98652E-05 0.00173613 0.00349092 9.98652E-05 0.00414716 9.98652E-05
9.98563E-05 9.98563E-05 9.98563E-05 0.00552236 9.98563E-05 9.98563E-05 9.98563E-05 9.98563E-05 9.98563E-05 9.98563E-05 9.98563E-05 9.98563E-05 0.00231789 0.000355564 9.98563E-05 9.98563E-05 9.98563E-05 0.0018966 9.98563E-05 0.98831 9.98563E-05
9.98383E-05 9.98383E-05 9.98383E-05 0.874831 9.98383E-05 9.98383E-05 9.98383E-05 0.00188094 9.98383E-05 9.98383E-05 9.98383E-05 9.98383E-05 9.98383E-05 0.121491 9.98383E-05 9.98383E-05 9.98383E-05 9.98383E-05 9.98383E-05 9.98383E-05 9.98383E-05
9.98652E-05 9.98652E-05 0.0169963 9.98652E-05 9.98652E-05 9.98652E-05 9.98652E-05 9.98652E-05 9.98652E-05 0.00325874 9.98652E-05 9.98652E-05 0.964376 9.98652E-05 0.00983179 9.98652E-05 0.00161184 9.98652E-05 9.98652E-05 0.00242721 9.98652E-05
9.99011E-05 9.99011E-05 0.00232808 9.99011E-05 9.99011E-05 9.99011E-05 9.99011E-05 9.99011E-05 0.00143388 0.0130201 0.00806522 9.99011E-05 0.942081 9.99011E-05 0.00499655 9.99011E-05 0.00582256 0.00925424 9.99011E-05 0.00997413 0.00192539
9.98563E-05 9.98563E-05 9.98563E-05 9.98563E-05 9.98563E-05 9.98563E-05 9.98563E-05 9.98563E-05 9.98563E-05 0.0020364 9.98563E-05 9.98563E-05 0.988482 9.98563E-05 9.98563E-05 9.98563E-05 0.000661543 0.00212389 9.98563E-05 0.00509861 9.98563E-05
9.98832E-05 9.98832E-05 9.98832E-05 9.98832E-05 9.98832E-05 9.98832E-05 9.98832E-05 9.98832E-05 0.000776996 0.444854 0.00100209 9.98832E-05 0.540462 9.98832E-05 0.000347223 9.98832E-05 0.00299591 0.00502417 9.98832E-05 0.00323841 9.98832E-05
9.98204E-05 9.98204E-05 9.98204E-05 9.98204E-05 9.98204E-05 9.98204E-05 9.98204E-05 9.98204E-05 0.998004 9.98204E-05 9.98204E-05 9.98204E-05 9.98204E-05 9.98204E-05 9.98204E-05 9.98204E-05 9.98204E-05 9.98204E-05 9.98204E-05 9.98204E-05 9.98204E-05
9.98294E-05 9.98294E-05 9.98294E-05 9.98294E-05 9.98294E-05 9.98294E-05 9.98294E-05 9.98294E-05 0.977084 9.98294E-05 9.98294E-05 0.0210191 9.98294E-05 9.98294E-05 9.98294E-05 9.98294E-05 9.98294E-05 9.98294E-05 9.98294E-05 9.98294E-05 9.98294E-05
9.98562E-05 9.98562E-05 9.98562E-05 9.98562E-05 9.98562E-05 9.98562E-05 9.98562E-05 9.98562E-05 0.175047 9.98562E-05 9.98562E-05 9.98562E-05 0.257233 9.98562E-05 9.98562E-05 9.98562E-05 0.00065592 9.98562E-05 0.0730618 9.98562E-05 0.492404
9.98832E-05 9.98832E-05 9.98832E-05 9.98832E-05 9.98832E-05 9.98832E-05 9.98832E-05 9.98832E-05 0.000525265 0.00617886 9.98832E-05 9.98832E-05 0.975638 9.98832E-05 0.00217245 9.98832E-05 0.00290224 0.00514583 9.98832E-05 0.00587207 0.000266797
9.99011E-05 9.99011E-05 0.00306314 9.99011E-05 9.99011E-05 9.99011E-05 9.99011E-05 9.99011E-05 0.00169547 0.0144425 0.0099886 9.99011E-05 0.934261 9.99011E-05 0.00569847 9.99011E-05 0.00651345 0.0100417 9.99011E-05 0.0107621 0.00243426
9.98922E-05 9.98922E-05 9.98922E-05 9.98922E-05 9.98922E-05 9.98922E-05 9.98922E-05 9.98922E-05 0.000525638 0.0183022 0.000365899 9.98922E-05 0.961992 9.98922E-05 0.00198022 9.98922E-05 0.0030251 0.00502778 9.98922E-05 0.0074377 0.000144656
9.98922E-05 9.98922E-05 0.000670165 9.98922E-05 9.98922E-05 9.98922E-05 9.98922E-05 9.98922E-05 0.111288 0.00848114 0.00713592 9.98922E-05 0.851424 9.98922E-05 0.00297605 9.98922E-05 0.00410795 0.00320387 9.98922E-05 0.00951374 9.98922E-05
9.98832E-05 0.0015455 9.98832E-05 9.98832E-05 9.98832E-05 0.0149958 9.98832E-05 9.98832E-05 0.114812 9.98832E-05 9.98832E-05 9.98832E-05 9.98832E-05 9.98832E-05 0.131953 9.98832E-05 9.98832E-05 0.186278 0.0500291 0.163967 0.33512
9.98832E-05 9.98832E-05 9.98832E-05 9.98832E-05 9.98832E-05 9.98832E-05 9.98832E-05 9.98832E-05 0.000525265 0.00617886 9.98832E-05 9.98832E-05 0.975638 9.98832E-05 0.00217245 9.98832E-05 0.00290224 0.00514583 9.98832E-05 0.00587207 0.000266797
9.98652E-05 9.98652E-05 9.98652E-05 9.98652E-05 9.98652E-05 9.98652E-05 9.98652E-05 9.98652E-05 0.000402489 0.454775 9.98652E-05 9.98652E-05 0.533549 9.98652E-05 9.98652E-05 9.98652E-05 0.00255125 0.0044824 9.98652E-05 0.0027421 9.98652E-05
9.98204E-05 9.98204E-05 9.98204E-05 9.98204E-05 9.98204E-05 9.98204E-05 9.98204E-05 9.98204E-05 9.98204E-05 9.98204E-05 9.98204E-05 9.98204E-05 9.98204E-05 9.98204E-05 9.98204E-05 9.98204E-05 9.98204E-05 9.98204E-05 9.98204E-05 0.998004 9.98204E-05
9.98294E-05 9.98294E-05 9.98294E-05 9.98294E-05 9.98294E-05 9.98294E-05 9.98294E-05 9.98294E-05 9.98294E-05 9.98294E-05 9.98294E-05 9.98294E-05 0.515823 9.98294E-05 9.98294E-05 9.98294E-05 9.98294E-05 9.98294E-05 9.98294E-05 0.48228 9.98294E-05
9.98205E-05 9.98205E-05 9.98205E-05 9.98205E-05 9.98205E-05 9.98205E-05 9.98205E-05 9.98205E-05 9.98205E-05 9.98205E-05 9.98205E-05 9.98205E-05 0.998004 9.98205E-05 9.98205E-05 9.98205E-05 9.98205E-05 9.98205E-05 9.98205E-05 9.98205E-05 9.98205E-05
