9.98562E-05 9.98562E-05 9.98562E-05 9.98562E-05 9.98562E-05 9.98562E-05 9.98562E-05 9.98562E-05 9.98562E-05 9.98562E-05 9.98562E-05 0.258555 0.492358 9.98562E-05 0.0757392 9.98562E-05 9.98562E-05 0.171749 9.98562E-05 9.98562E-05
9.98563E-05 9.98563E-05 9.98563E-05 9.98563E-05 9.98563E-05 9.98563E-05 9.98563E-05 9.98563E-05 0.970313 0.01388 9.98563E-05 9.98563E-05 9.98563E-05 9.98563E-05 9.98563E-05 9.98563E-05 9.98563E-05 9.98563E-05 0.000677564 0.0135315
9.98922E-05 0.00841258 0.000816527 9.98922E-05 9.98922E-05 0.0010874 9.98922E-05 9.98922E-05 9.98922E-05 0.0068446 0.0102761 0.957448 9.98922E-05 9.98922E-05 9.98922E-05 0.0101546 0.00376132 9.98922E-05 9.98922E-05 9.98922E-05
9.98563E-05 0.00763381 9.98563E-05 9.98563E-05 9.98563E-05 9.98563E-05 9.98563E-05 9.98563E-05 0.00349952 0.987163 9.98563E-05 0.000105731 9.98563E-05 9.98563E-05 9.98563E-05 9.98563E-05 9.98563E-05 9.98563E-05 9.98563E-05 9.98563E-05
0.000908283 0.00273867 9.98832E-05 9.98832E-05 9.98832E-05 9.98832E-05 9.98832E-05 0.000156622 0.00479426 0.983888 9.98832E-05 0.0047459 9.98832E-05 9.98832E-05 9.98832E-05 9.98832E-05 9.98832E-05 9.98832E-05 9.98832E-05 0.00146988
9.98563E-05 9.98563E-05 9.98563E-05 9.98563E-05 9.98563E-05 9.98563E-05 9.98563E-05 9.98563E-05 0.000168252 0.900758 9.98563E-05 9.98563E-05 9.98563E-05 9.98563E-05 0.0277565 9.98563E-05 9.98563E-05 0.0697197 9.98563E-05 9.98563E-05
0.938854 9.98383E-05 9.98383E-05 9.98383E-05 9.98383E-05 9.98383E-05 9.98383E-05 9.98383E-05 9.98383E-05 9.98383E-05 9.98383E-05 9.98383E-05 9.98383E-05 9.98383E-05 9.98383E-05 9.98383E-05 9.98383E-05 0.0593484 9.98383E-05 9.98383E-05
9.98563E-05 9.98563E-05 9.98563E-05 9.98563E-05 9.98563E-05 9.98563E-05 9.98563E-05 9.98563E-05 0.198296 0.174365 9.98563E-05 9.98563E-05 9.98563E-05 9.98563E-05 9.98563E-05 9.98563E-05 9.98563E-05 9.98563E-05 0.0175994 0.608142
0.000906755 0.00368639 9.98832E-05 9.98832E-05 9.98832E-05 9.98832E-05 9.98832E-05 0.000154379 0.00481017 0.985009 9.98832E-05 0.00267796 9.98832E-05 9.98832E-05 9.98832E-05 9.98832E-05 9.98832E-05 9.98832E-05 9.98832E-05 0.00145638
0.0017184 0.00432608 9.98832E-05 9.98832E-05 9.98832E-05 9.98832E-05 9.98832E-05 0.000576617 0.00509333 0.980643 9.98832E-05 0.00345636 9.98832E-05 9.98832E-05 9.98832E-05 9.98832E-05 9.98832E-05 9.98832E-05 9.98832E-05 0.00288726
0.0017184 0.00432608 9.98832E-05 9.98832E-05 9.98832E-05 9.98832E-05 9.98832E-05 0.000576617 0.00509333 0.980643 9.98832E-05 0.00345636 9.98832E-05 9.98832E-05 9.98832E-05 9.98832E-05 9.98832E-05 9.98832E-05 9.98832E-05 0.00288726
0.00671545 9.98742E-05 9.98742E-05 0.00822234 9.98742E-05 9.98742E-05 9.98742E-05 0.0161767 9.98742E-05 0.837133 9.98742E-05 9.98742E-05 0.110288 9.98742E-05 9.98742E-05 9.98742E-05 9.98742E-05 9.98742E-05 9.98742E-05 0.0200661
9.98646E-05 0.0030393 9.98646E-05 9.98646E-05 9.98646E-05 9.98646E-05 9.98646E-05 9.98646E-05 0.00452089 0.988949 9.98646E-05 0.00189256 9.98646E-05 9.98646E-05 9.98646E-05 9.98646E-05 9.98646E-05 9.98646E-05 9.98646E-05 9.98646E-05
9.98562E-05 9.98562E-05 9.98562E-05 9.98562E-05 9.98562E-05 9.98562E-05 9.98562E-05 9.98562E-05 0.246652 0.252959 9.98562E-05 9.98562E-05 9.98562E-05 9.98562E-05 9.98562E-05 9.98562E-05 9.98562E-05 9.98562E-05 0.0274443 0.471347
9.98652E-05 9.98652E-05 9.98652E-05 0.400259 9.98652E-05 9.98652E-05 9.98652E-05 9.98652E-05 9.98652E-05 0.171556 0.00753965 9.98652E-05 9.98652E-05 0.0499452 9.98652E-05 9.98652E-05 9.98652E-05 9.98652E-05 9.98652E-05 0.369203
9.98563E-05 9.98563E-05 9.98563E-05 9.98563E-05 9.98563E-05 9.98563E-05 9.98563E-05 9.98563E-05 0.205213 0.184924 9.98563E-05 9.98563E-05 9.98563E-05 9.98563E-05 9.98563E-05 9.98563E-05 9.98563E-05 9.98563E-05 0.0191904 0.589075
0.00010079 9.98652E-05 9.98652E-05 9.98652E-05 9.98652E-05 9.98652E-05 9.98652E-05 9.98652E-05 0.00455265 0.983618 0.0100795 9.98652E-05 9.98652E-05 9.98652E-05 9.98652E-05 9.98652E-05 9.98652E-05 9.98652E-05 9.98652E-05 0.000151402
0.000906755 0.00368639 9.98832E-05 9.98832E-05 9.98832E-05 9.98832E-05 9.98832E-05 0.000154379 0.00481017 0.985009 9.98832E-05 0.00267796 9.98832E-05 9.98832E-05 9.98832E-05 9.98832E-05 9.98832E-05 9.98832E-05 9.98832E-05 0.00145638
9.98383E-05 9.98383E-05 9.98383E-05 9.98383E-05 9.98383E-05 9.98383E-05 9.98383E-05 9.98383E-05 9.98383E-05 9.98383E-05 9.98383E-05 9.98383E-05 9.98383E-05 0.933145 9.98383E-05 9.98383E-05 9.98383E-05 9.98383E-05 9.98383E-05 0.0650581
9.98294E-05 9.98294E-05 9.98294E-05 9.98294E-05 9.98294E-05 9.98294E-05 9.98294E-05 9.98294E-05 9.98294E-05 9.98294E-05 9.98294E-05 0.998103 9.98294E-05 9.98294E-05 9.98294E-05 9.98294E-05 9.98294E-05 9.98294E-05 9.98294E-05 9.98294E-05
9.98563E-05 0.000962598 9.98563E-05 9.98563E-05 9.98563E-05 9.98563E-05 9.98563E-05 9.98563E-05 9.98563E-05 9.98563E-05 0.551795 0.445295 9.98563E-05 9.98563E-05 9.98563E-05 0.000350242 9.98563E-05 9.98563E-05 9.98563E-05 9.98563E-05
9.98383E-05 9.98383E-05 9.98383E-05 9.98383E-05 9.98383E-05 9.98383E-05 9.98383E-05 9.98383E-05 9.98383E-05 0.740639 0.257564 9.98383E-05 9.98383E-05 9.98383E-05 9.98383E-05 9.98383E-05 9.98383E-05 9.98383E-05 9.98383E-05 9.98383E-05
9.98652E-05 9.98652E-05 0.000284239 9.98652E-05 9.98652E-05 9.98652E-05 9.98652E-05 9.98652E-05 9.98652E-05 9.98652E-05 0.00105461 0.747224 9.98652E-05 9.98652E-05 9.98652E-05 0.246892 0.00304721 9.98652E-05 9.98652E-05 9.98652E-05
0.00224536 0.0027528 9.98652E-05 9.98652E-05 9.98652E-05 9.98652E-05 9.98652E-05 9.98652E-05 0.00339155 0.984267 9.98652E-05 0.00584485 9.98652E-05 9.98652E-05 9.98652E-05 9.98652E-05 9.98652E-05 9.98652E-05 9.98652E-05 9.98652E-05
9.98563E-05 9.98563E-05 9.98563E-05 9.98563E-05 9.98563E-05 0.0081667 9.98563E-05 9.98563E-05 9.98563E-05 0.00194942 9.98563E-05 0.987539 9.98563E-05 9.98563E-05 9.98563E-05 9.98563E-05 0.000747333 9.98563E-05 9.98563E-05 9.98563E-05
9.98742E-05 9.98742E-05 9.98742E-05 9.98742E-05 9.98742E-05 9.98742E-05 9.98742E-05 0.00317799 0.135093 9.98742E-05 9.98742E-05 9.98742E-05 0.0730598 9.98742E-05 9.98742E-05 0.125669 9.98742E-05 9.98742E-05 0.0132904 0.648312
0.000908781 0.00274742 9.98832E-05 9.98832E-05 9.98832E-05 9.98832E-05 9.98832E-05 0.000156844 0.00479476 0.983895 9.98832E-05 0.00472821 9.98832E-05 9.98832E-05 9.98832E-05 9.98832E-05 9.98832E-05 9.98832E-05 9.98832E-05 0.00147045
0.0017184 0.00432608 9.98832E-05 9.98832E-05 9.98832E-05 9.98832E-05 9.98832E-05 0.000576617 0.00509333 0.980643 9.98832E-05 0.00345636 9.98832E-05 9.98832E-05 9.98832E-05 9.98832E-05 9.98832E-05 9.98832E-05 9.98832E-05 0.00288726
0.0430529 9.98473E-05 9.98473E-05 9.98473E-05 0.869933 9.98473E-05 9.98473E-05 9.98473E-05 9.98473E-05 0.0853166 9.98473E-05 9.98473E-05 9.98473E-05 9.98473E-05 9.98473E-05 9.98473E-05 9.98473E-05 9.98473E-05 9.98473E-05 9.98473E-05
9.98473E-05 9.98473E-05 9.98473E-05 9.98473E-05 9.98473E-05 9.98473E-05 9.98473E-05 9.98473E-05 9.98473E-05 9.98473E-05 9.98473E-05 9.98473E-05 9.98473E-05 0.971635 0.00225837 9.98473E-05 9.98473E-05 9.98473E-05 0.0244088 9.98473E-05
9.98652E-05 9.98652E-05 9.98652E-05 0.135614 9.98652E-05 9.98652E-05 9.98652E-05 9.98652E-05 0.240016 0.0951564 9.98652E-05 9.98652E-05 9.98652E-05 9.98652E-05 9.98652E-05 9.98652E-05 9.98652E-05 9.98652E-05 0.0244203 0.503295
0.000923285 9.98652E-05 9.98652E-05 9.98652E-05 9.98652E-05 9.98652E-05 9.98652E-05 0.000192083 0.00407194 0.831784 9.98652E-05 9.98652E-05 9.98652E-05 9.98652E-05 9.98652E-05 0.161531 9.98652E-05 9.98652E-05 9.98652E-05 9.98652E-05
9.98383E-05 9.98383E-05 9.98383E-05 9.98383E-05 9.98383E-05 9.98383E-05 9.98383E-05 9.98383E-05 9.98383E-05 9.98383E-05 9.98383E-05 9.98383E-05 9.98383E-05 0.0323287 9.98383E-05 9.98383E-05 9.98383E-05 9.98383E-05 9.98383E-05 0.965874
0.0017184 0.00432608 9.98832E-05 9.98832E-05 9.98832E-05 9.98832E-05 9.98832E-05 0.000576617 0.00509333 0.980643 9.98832E-05 0.00345636 9.98832E-05 9.98832E-05 9.98832E-05 9.98832E-05 9.98832E-05 9.98832E-05 9.98832E-05 0.00288726
9.99101E-05 0.00908644 0.00382887 9.99101E-05 9.99101E-05 0.00519398 9.99101E-05 9.99101E-05 9.99101E-05 0.0121567 0.0114067 0.942252 0.00239842 9.99101E-05 9.99101E-05 0.005269 0.00678197 0.000626559 9.99101E-05 9.99101E-05
0.000288161 0.00317628 9.98742E-05 9.98742E-05 9.98742E-05 9.98742E-05 9.98742E-05 9.98742E-05 0.0043751 0.988053 9.98742E-05 0.00208294 9.98742E-05 9.98742E-05 9.98742E-05 9.98742E-05 9.98742E-05 9.98742E-05 9.98742E-05 0.000625963
0.000906755 0.00368639 9.98832E-05 9.98832E-05 9.98832E-05 9.98832E-05 9.98832E-05 0.000154379 0.00481017 0.985009 9.98832E-05 0.00267796 9.98832E-05 9.98832E-05 9.98832E-05 9.98832E-05 9.98832E-05 9.98832E-05 9.98832E-05 0.00145638
9.98383E-05 9.98383E-05 9.98383E-05 9.98383E-05 9.98383E-05 9.98383E-05 9.98383E-05 9.98383E-05 9.98383E-05 9.98383E-05 9.98383E-05 9.98383E-05 9.98383E-05 0.761444 9.98383E-05 9.98383E-05 9.98383E-05 9.98383E-05 9.98383E-05 0.236759
9.98652E-05 9.98652E-05 9.98652E-05 9.98652E-05 9.98652E-05 9.98652E-05 9.98652E-05 9.98652E-05 0.190763 0.148806 9.98652E-05 9.98652E-05 9.98652E-05 9.98652E-05 0.059169 9.98652E-05 9.98652E-05 9.98652E-05 0.0144478 0.585317
9.98473E-05 9.98473E-05 9.98473E-05 9.98473E-05 9.98473E-05 9.98473E-05 9.98473E-05 9.98473E-05 0.00122197 0.996592 9.98473E-05 0.000488591 9.98473E-05 9.98473E-05 9.98473E-05 9.98473E-05 9.98473E-05 9.98473E-05 9.98473E-05 9.98473E-05
9.98473E-05 9.98473E-05 9.98473E-05 9.98473E-05 9.98473E-05 9.98473E-05 9.98473E-05 9.98473E-05 9.98473E-05 9.98473E-05 0.655028 0.342842 9.98473E-05 9.98473E-05 9.98473E-05 9.98473E-05 0.000432644 9.98473E-05 9.98473E-05 9.98473E-05
9.98294E-05 9.98294E-05 9.98294E-05 9.98294E-05 9.98294E-05 9.98294E-05 9.98294E-05 9.98294E-05 9.98294E-05 9.98294E-05 9.98294E-05 0.998103 9.98294E-05 9.98294E-05 9.98294E-05 9.98294E-05 9.98294E-05 9.98294E-05 9.98294E-05 9.98294E-05
9.98563E-05 9.98563E-05 9.98563E-05 9.98563E-05 9.98563E-05 9.98563E-05 0.0035488 9.98563E-05 9.98563E-05 0.335111 9.98563E-05 0.522269 9.98563E-05 0.137474 9.98563E-05 9.98563E-05 9.98563E-05 9.98563E-05 9.98563E-05 9.98563E-05
0.0017184 0.00432608 9.98832E-05 9.98832E-05 9.98832E-05 9.98832E-05 9.98832E-05 0.000576617 0.00509333 0.980643 9.98832E-05 0.00345636 9.98832E-05 9.98832E-05 9.98832E-05 9.98832E-05 9.98832E-05 9.98832E-05 9.98832E-05 0.00288726
0.0017184 0.00432608 9.98832E-05 9.98832E-05 9.98832E-05 9.98832E-05 9.98832E-05 0.000576617 0.00509333 0.980643 9.98832E-05 0.00345636 9.98832E-05 9.98832E-05 9.98832E-05 9.98832E-05 9.98832E-05 9.98832E-05 9.98832E-05 0.00288726
0.00632342 9.98742E-05 9.98742E-05 0.00808523 9.98742E-05 9.98742E-05 9.98742E-05 0.0160169 9.98742E-05 0.840911 9.98742E-05 9.98742E-05 0.110537 9.98742E-05 9.98742E-05 9.98742E-05 9.98742E-05 9.98742E-05 9.98742E-05 0.016728
0.00114998 0.0797228 9.98652E-05 9.98652E-05 9.98652E-05 9.98652E-05 9.98652E-05 0.000217235 9.98652E-05 0.898763 9.98652E-05 9.98652E-05 9.98652E-05 9.98652E-05 9.98652E-05 9.98652E-05 9.98652E-05 9.98652E-05 9.98652E-05 0.0186491
9.98652E-05 9.98652E-05 9.98652E-05 9.98652E-05 9.98652E-05 9.98652E-05 9.98652E-05 9.98652E-05 0.203851 0.212977 9.98652E-05 9.98652E-05 9.98652E-05 9.98652E-05 9.98652E-05 0.00126541 9.98652E-05 9.98652E-05 0.0222665 0.558142
9.98383E-05 9.98383E-05 9.98383E-05 9.98383E-05 9.98383E-05 9.98383E-05 9.98383E-05 9.98383E-05 9.98383E-05 9.98383E-05 9.98383E-05 9.98383E-05 9.98383E-05 0.0288962 9.98383E-05 9.98383E-05 9.98383E-05 9.98383E-05 9.98383E-05 0.969307
0.0437878 0.000603934 9.98652E-05 9.98652E-05 9.98652E-05 9.98652E-05 9.98652E-05 9.98652E-05 0.00337781 0.945543 9.98652E-05 9.98652E-05 9.98652E-05 9.98652E-05 9.98652E-05 0.00518972 9.98652E-05 9.98652E-05 9.98652E-05 9.98652E-05
9.98473E-05 9.98473E-05 9.98473E-05 9.98473E-05 9.98473E-05 0.0118662 9.98473E-05 9.98473E-05 9.98473E-05 0.970302 9.98473E-05 9.98473E-05 9.98473E-05 0.0161344 9.98473E-05 9.98473E-05 9.98473E-05 9.98473E-05 9.98473E-05 9.98473E-05
0.000102748 0.00305125 9.98677E-05 9.98677E-05 9.98677E-05 9.98677E-05 9.98677E-05 9.98677E-05 0.00453114 0.98891 9.98677E-05 0.00190644 9.98677E-05 9.98677E-05 9.98677E-05 9.98677E-05 9.98677E-05 9.98677E-05 9.98677E-05 9.98677E-05
9.98563E-05 9.98563E-05 9.98563E-05 9.98563E-05 9.98563E-05 9.98563E-05 9.98563E-05 9.98563E-05 0.121002 0.127549 9.98563E-05 9.98563E-05 9.98563E-05 9.98563E-05 9.98563E-05 9.98563E-05 9.98563E-05 9.98563E-05 0.0126162 0.737236
9.98383E-05 9.98383E-05 9.98383E-05 9.98383E-05 9.98383E-05 9.98383E-05 9.98383E-05 9.98383E-05 9.98383E-05 9.98383E-05 9.98383E-05 9.98383E-05 9.98383E-05 0.0514918 9.98383E-05 9.98383E-05 9.98383E-05 9.98383E-05 9.98383E-05 0.946711
9.98383E-05 0.173358 9.98383E-05 0.824845 9.98383E-05 9.98383E-05 9.98383E-05 9.98383E-05 9.98383E-05 9.98383E-05 9.98383E-05 9.98383E-05 9.98383E-05 9.98383E-05 9.98383E-05 9.98383E-05 9.98383E-05 9.98383E-05 9.98383E-05 9.98383E-05
9.98652E-05 9.98652E-05 9.98652E-05 0.116064 9.98652E-05 9.98652E-05 9.98652E-05 9.98652E-05 0.245153 0.133416 9.98652E-05 9.98652E-05 9.98652E-05 9.98652E-05 9.98652E-05 9.98652E-05 9.98652E-05 9.98652E-05 0.0263241 0.477546
9.98293E-05 9.98293E-05 9.98293E-05 0.998103 9.98293E-05 9.98293E-05 9.98293E-05 9.98293E-05 9.98293E-05 9.98293E-05 9.98293E-05 9.98293E-05 9.98293E-05 9.98293E-05 9.98293E-05 9.98293E-05 9.98293E-05 9.98293E-05 9.98293E-05 9.98293E-05
9.98473E-05 9.98473E-05 9.98473E-05 9.98473E-05 9.98473E-05 9.98473E-05 9.98473E-05 9.98473E-05 9.98473E-05 9.98473E-05 9.98473E-05 9.98473E-05 0.00617047 9.98473E-05 0.00401404 9.98473E-05 9.98473E-05 0.988118 9.98473E-05 9.98473E-05
0.00027354 0.00418318 9.98922E-05 9.98922E-05 9.98922E-05 0.000776761 9.98922E-05 0.000531873 0.00437472 0.986645 9.98922E-05 0.00146543 9.98922E-05 9.98922E-05 9.98922E-05 9.98922E-05 9.98922E-05 9.98922E-05 9.98922E-05 0.000550871
9.98473E-05 9.98473E-05 9.98473E-05 9.98473E-05 9.98473E-05 9.98473E-05 9.98473E-05 9.98473E-05 0.00084107 0.859256 9.98473E-05 9.98473E-05 9.98473E-05 9.98473E-05 9.98473E-05 9.98473E-05 0.138205 9.98473E-05 9.98473E-05 9.98473E-05
9.98652E-05 9.98652E-05 9.98652E-05 0.135614 9.98652E-05 9.98652E-05 9.98652E-05 9.98652E-05 0.240016 0.0951564 9.98652E-05 9.98652E-05 9.98652E-05 9.98652E-05 9.98652E-05 9.98652E-05 9.98652E-05 9.98652E-05 0.0244203 0.503295
9.98293E-05 9.98293E-05 9.98293E-05 9.98293E-05 9.98293E-05 9.98293E-05 9.98293E-05 9.98293E-05 9.98293E-05 9.98293E-05 9.98293E-05 9.98293E-05 0.998103 9.98293E-05 9.98293E-05 9.98293E-05 9.98293E-05 9.98293E-05 9.98293E-05 9.98293E-05
9.98383E-05 9.98383E-05 9.98383E-05 9.98383E-05 9.98383E-05 9.98383E-05 9.98383E-05 9.98383E-05 9.98383E-05 9.98383E-05 9.98383E-05 9.98383E-05 9.98383E-05 0.0442865 9.98383E-05 9.98383E-05 9.98383E-05 9.98383E-05 9.98383E-05 0.953916
9.98653E-05 0.00224498 9.98653E-05 9.98653E-05 9.98653E-05 0.00154919 9.98653E-05 9.98653E-05 9.98653E-05 0.0069942 9.98653E-05 0.986461 9.98653E-05 9.98653E-05 9.98653E-05 9.98653E-05 0.00125315 9.98653E-05 9.98653E-05 9.98653E-05
9.98832E-05 9.98832E-05 0.000715784 9.98832E-05 9.98832E-05 9.98832E-05 9.98832E-05 9.98832E-05 0.00630741 0.49995 0.00419072 0.479598 9.98832E-05 9.98832E-05 9.98832E-05 9.98832E-05 0.00780342 0.000136722 9.98832E-05 9.98832E-05
9.99191E-05 0.00352161 0.00130922 9.99191E-05 9.99191E-05 0.00112634 9.99191E-05 9.99191E-05 9.99191E-05 0.0125502 0.00347068 0.781404 0.124202 9.99191E-05 0.0180447 0.00239624 0.00513006 0.0459453 9.99191E-05 9.99191E-05
9.98652E-05 9.98652E-05 9.98652E-05 0.138777 9.98652E-05 9.98652E-05 9.98652E-05 9.98652E-05 0.239304 0.0890071 9.98652E-05 9.98652E-05 9.98652E-05 9.98652E-05 9.98652E-05 9.98652E-05 9.98652E-05 9.98652E-05 0.0240194 0.507395
9.98563E-05 9.98563E-05 9.98563E-05 9.98563E-05 9.98563E-05 9.98563E-05 9.98563E-05 9.98563E-05 0.181853 0.188949 9.98563E-05 9.98563E-05 9.98563E-05 9.98563E-05 9.98563E-05 9.98563E-05 9.98563E-05 9.98563E-05 0.0194069 0.608193
9.98383E-05 9.98383E-05 9.98383E-05 9.98383E-05 9.98383E-05 9.98383E-05 9.98383E-05 9.98383E-05 9.98383E-05 9.98383E-05 9.98383E-05 9.98383E-05 9.98383E-05 0.0254514 9.98383E-05 9.98383E-05 9.98383E-05 9.98383E-05 9.98383E-05 0.972751
9.98652E-05 0.0916212 9.98652E-05 9.98652E-05 9.98652E-05 0.0726883 9.98652E-05 9.98652E-05 9.98652E-05 9.98652E-05 9.98652E-05 0.102037 9.98652E-05 0.0300799 9.98652E-05 9.98652E-05 9.98652E-05 9.98652E-05 9.98652E-05 0.702076
9.98473E-05 9.98473E-05 9.98473E-05 9.98473E-05 9.98473E-05 9.98473E-05 9.98473E-05 9.98473E-05 9.98473E-05 9.98473E-05 9.98473E-05 0.0407097 0.949802 0.00779105 9.98473E-05 9.98473E-05 9.98473E-05 9.98473E-05 9.98473E-05 9.98473E-05
9.98473E-05 0.000669551 9.98473E-05 9.98473E-05 9.98473E-05 9.98473E-05 9.98473E-05 9.98473E-05 0.00117794 0.996455 9.98473E-05 9.98473E-05 9.98473E-05 9.98473E-05 9.98473E-05 9.98473E-05 9.98473E-05 9.98473E-05 9.98473E-05 9.98473E-05
9.98652E-05 9.98652E-05 0.0114389 9.98652E-05 9.98652E-05 9.98652E-05 9.98652E-05 9.98652E-05 9.98652E-05 9.98652E-05 9.98652E-05 0.0256072 0.0873396 9.98652E-05 0.0602775 9.98652E-05 9.98652E-05 0.813839 9.98652E-05 9.98652E-05
9.98294E-05 9.98294E-05 9.98294E-05 9.98294E-05 9.98294E-05 9.98294E-05 9.98294E-05 9.98294E-05 9.98294E-05 9.98294E-05 9.98294E-05 9.98294E-05 0.998103 9.98294E-05 9.98294E-05 9.98294E-05 9.98294E-05 9.98294E-05 9.98294E-05 9.98294E-05
0.998103 9.98294E-05 9.98294E-05 9.98294E-05 9.98294E-05 9.98294E-05 9.98294E-05 9.98294E-05 9.98294E-05 9.98294E-05 9.98294E-05 9.98294E-05 9.98294E-05 9.98294E-05 9.98294E-05 9.98294E-05 9.98294E-05 9.98294E-05 9.98294E-05 9.98294E-05
9.98563E-05 0.893889 9.98563E-05 9.98563E-05 9.98563E-05 0.0203529 9.98563E-05 9.98563E-05 9.98563E-05 0.0444086 9.98563E-05 0.0397515 9.98563E-05 9.98563E-05 9.98563E-05 9.98563E-05 9.98563E-05 9.98563E-05 9.98563E-05 9.98563E-05
0.00236844 0.000924333 9.98473E-05 9.98473E-05 9.98473E-05 9.98473E-05 9.98473E-05 9.98473E-05 9.98473E-05 9.98473E-05 9.98473E-05 0.99501 9.98473E-05 9.98473E-05 9.98473E-05 9.98473E-05 9.98473E-05 9.98473E-05 9.98473E-05 9.98473E-05
9.98473E-05 9.98473E-05 0.980806 9.98473E-05 9.98473E-05 9.98473E-05 9.98473E-05 9.98473E-05 9.98473E-05 9.98473E-05 9.98473E-05 9.98473E-05 9.98473E-05 9.98473E-05 0.00475437 9.98473E-05 9.98473E-05 0.012742 9.98473E-05 9.98473E-05
9.98294E-05 9.98294E-05 9.98294E-05 9.98294E-05 9.98294E-05 9.98294E-05 9.98294E-05 9.98294E-05 9.98294E-05 9.98294E-05 9.98294E-05 9.98294E-05 9.98294E-05 9.98294E-05 9.98294E-05 9.98294E-05 9.98294E-05 0.998103 9.98294E-05 9.98294E-05
9.98652E-05 0.243872 9.98652E-05 9.98652E-05 9.98652E-05 0.187618 9.98652E-05 9.98652E-05 9.98652E-05 0.286341 9.98652E-05 0.275308 9.98652E-05 9.98652E-05 9.98652E-05 0.00536304 9.98652E-05 9.98652E-05 9.98652E-05 9.98652E-05
9.98473E-05 9.98473E-05 0.929084 9.98473E-05 9.98473E-05 9.98473E-05 9.98473E-05 9.98473E-05 9.98473E-05 9.98473E-05 9.98473E-05 0.0585053 9.98473E-05 9.98473E-05 9.98473E-05 9.98473E-05 0.0107132 9.98473E-05 9.98473E-05 9.98473E-05
0.00724329 9.98742E-05 9.98742E-05 0.00857144 9.98742E-05 9.98742E-05 9.98742E-05 0.0208667 9.98742E-05 0.833155 9.98742E-05 9.98742E-05 0.110068 9.98742E-05 9.98742E-05 9.98742E-05 9.98742E-05 9.98742E-05 9.98742E-05 0.0186978
9.98563E-05 9.98563E-05 9.98563E-05 9.98563E-05 9.98563E-05 9.98563E-05 9.98563E-05 9.98563E-05 0.24523 0.247116 9.98563E-05 9.98563E-05 9.98563E-05 9.98563E-05 9.98563E-05 9.98563E-05 9.98563E-05 9.98563E-05 0.0269151 0.479142
9.98562E-05 9.98562E-05 9.98562E-05 9.98562E-05 9.98562E-05 9.98562E-05 9.98562E-05 9.98562E-05 0.247092 0.255756 9.98562E-05 9.98562E-05 9.98562E-05 9.98562E-05 9.98562E-05 9.98562E-05 9.98562E-05 9.98562E-05 0.027746 0.467808
9.99281E-05 0.0103084 0.000844528 9.99281E-05 9.99281E-05 0.0040357 9.99281E-05 9.99281E-05 9.99281E-05 0.000138776 0.00622921 0.781034 0.129191 9.99281E-05 0.0201159 0.00158344 0.00473404 0.0362708 9.99281E-05 0.00471462
9.98563E-05 9.98563E-05 9.98563E-05 9.98563E-05 9.98563E-05 9.98563E-05 9.98563E-05 9.98563E-05 9.98563E-05 9.98563E-05 9.98563E-05 0.0233431 0.0639406 9.98563E-05 0.0434858 9.98563E-05 9.98563E-05 0.867633 9.98563E-05 9.98563E-05
0.000442093 0.00185767 9.98652E-05 9.98652E-05 9.98652E-05 9.98652E-05 9.98652E-05 9.98652E-05 9.98652E-05 9.98652E-05 0.522933 0.471816 9.98652E-05 9.98652E-05 9.98652E-05 9.98652E-05 0.0014526 9.98652E-05 9.98652E-05 9.98652E-05
9.98652E-05 9.98652E-05 9.98652E-05 9.98652E-05 9.98652E-05 9.98652E-05 9.98652E-05 9.98652E-05 0.000518732 0.863382 9.98652E-05 9.98652E-05 0.089454 9.98652E-05 0.0120586 9.98652E-05 9.98652E-05 0.0330888 9.98652E-05 9.98652E-05
9.98473E-05 9.98473E-05 9.98473E-05 9.98473E-05 9.98473E-05 0.0180966 9.98473E-05 9.98473E-05 9.98473E-05 9.98473E-05 9.98473E-05 0.0603082 9.98473E-05 9.98473E-05 9.98473E-05 9.98473E-05 9.98473E-05 0.919898 9.98473E-05 9.98473E-05
0.0017184 0.00432608 9.98832E-05 9.98832E-05 9.98832E-05 9.98832E-05 9.98832E-05 0.000576617 0.00509333 0.980643 9.98832E-05 0.00345636 9.98832E-05 9.98832E-05 9.98832E-05 9.98832E-05 9.98832E-05 9.98832E-05 9.98832E-05 0.00288726
9.98383E-05 9.98383E-05 9.98383E-05 9.98383E-05 9.98383E-05 9.98383E-05 9.98383E-05 9.98383E-05 9.98383E-05 9.98383E-05 9.98383E-05 9.98383E-05 9.98383E-05 0.0493383 9.98383E-05 9.98383E-05 9.98383E-05 9.98383E-05 9.98383E-05 0.948865
9.98293E-05 9.98293E-05 9.98293E-05 9.98293E-05 9.98293E-05 9.98293E-05 9.98293E-05 9.98293E-05 9.98293E-05 9.98293E-05 9.98293E-05 9.98293E-05 0.998103 9.98293E-05 9.98293E-05 9.98293E-05 9.98293E-05 9.98293E-05 9.98293E-05 9.98293E-05
0.0017184 0.00432608 9.98832E-05 9.98832E-05 9.98832E-05 9.98832E-05 9.98832E-05 0.000576617 0.00509333 0.980643 9.98832E-05 0.00345636 9.98832E-05 9.98832E-05 9.98832E-05 9.98832E-05 9.98832E-05 9.98832E-05 9.98832E-05 0.00288726
0.00689434 9.98473E-05 9.98473E-05 9.98473E-05 9.98473E-05 9.98473E-05 9.98473E-05 9.98473E-05 9.98473E-05 0.810524 9.98473E-05 9.98473E-05 9.98473E-05 9.98473E-05 9.98473E-05 9.98473E-05 9.98473E-05 0.180884 9.98473E-05 9.98473E-05
0.000443439 0.00235447 9.98742E-05 9.98742E-05 9.98742E-05 9.98742E-05 9.98742E-05 9.98742E-05 0.00446731 0.98619 9.98742E-05 0.00430093 9.98742E-05 9.98742E-05 9.98742E-05 9.98742E-05 9.98742E-05 9.98742E-05 9.98742E-05 0.000846053
9.98294E-05 9.98294E-05 9.98294E-05 9.98294E-05 9.98294E-05 9.98294E-05 9.98294E-05 9.98294E-05 9.98294E-05 9.98294E-05 9.98294E-05 9.98294E-05 0.998103 9.98294E-05 9.98294E-05 9.98294E-05 9.98294E-05 9.98294E-05 9.98294E-05 9.98294E-05
0.000294566 0.00318157 9.98742E-05 9.98742E-05 9.98742E-05 9.98742E-05 9.98742E-05 9.98742E-05 0.00437961 0.988022 9.98742E-05 0.0020891 9.98742E-05 9.98742E-05 9.98742E-05 9.98742E-05 9.98742E-05 9.98742E-05 9.98742E-05 0.000634569
9.99101E-05 0.0083084 0.0030973 9.99101E-05 9.99101E-05 0.00444743 9.99101E-05 9.99101E-05 9.99101E-05 0.0114596 0.00952862 0.949699 0.00189423 9.99101E-05 9.99101E-05 0.00412734 0.00609461 0.000344653 9.99101E-05 9.99101E-05
9.99101E-05 0.0083084 0.0030973 9.99101E-05 9.99101E-05 0.00444743 9.99101E-05 9.99101E-05 9.99101E-05 0.0114596 0.00952862 0.949699 0.00189423 9.99101E-05 9.99101E-05 0.00412734 0.00609461 0.000344653 9.99101E-05 9.99101E-05
0.00594979 9.98921E-05 9.98921E-05 0.00612186 9.98921E-05 9.98921E-05 9.98921E-05 0.0158123 0.227958 0.113441 9.98921E-05 9.98921E-05 0.104003 9.98921E-05 9.98921E-05 9.98921E-05 9.98921E-05 9.98921E-05 0.027403 0.498112
9.98563E-05 9.98563E-05 9.98563E-05 9.98563E-05 9.98563E-05 9.98563E-05 9.98563E-05 9.98563E-05 0.970313 0.01388 9.98563E-05 9.98563E-05 9.98563E-05 9.98563E-05 9.98563E-05 9.98563E-05 9.98563E-05 9.98563E-05 0.000677564 0.0135315
9.98652E-05 0.067165 9.98652E-05 9.98652E-05 9.98652E-05 0.762042 9.98652E-05 9.98652E-05 9.98652E-05 0.087342 9.98652E-05 0.0806154 9.98652E-05 9.98652E-05 9.98652E-05 0.00133725 9.98652E-05 9.98652E-05 9.98652E-05 9.98652E-05
9.98652E-05 9.98652E-05 9.98652E-05 9.98652E-05 9.98652E-05 0.019769 9.98652E-05 9.98652E-05 9.98652E-05 9.98652E-05 9.98652E-05 0.156174 9.98652E-05 9.98652E-05 0.0196707 0.00850726 9.98652E-05 0.794381 9.98652E-05 9.98652E-05
9.98563E-05 9.98563E-05 9.98563E-05 9.98563E-05 9.98563E-05 9.98563E-05 9.98563E-05 9.98563E-05 9.98563E-05 0.749403 0.189271 9.98563E-05 9.98563E-05 9.98563E-05 0.0152281 9.98563E-05 9.98563E-05 0.0445006 9.98563E-05 9.98563E-05
9.98473E-05 9.98473E-05 9.98473E-05 9.98473E-05 9.98473E-05 9.98473E-05 9.98473E-05 9.98473E-05 0.00629906 0.771672 0.220332 9.98473E-05 9.98473E-05 9.98473E-05 9.98473E-05 9.98473E-05 9.98473E-05 9.98473E-05 9.98473E-05 9.98473E-05
9.98294E-05 9.98294E-05 9.98294E-05 9.98294E-05 9.98294E-05 9.98294E-05 9.98294E-05 9.98294E-05 9.98294E-05 9.98294E-05 9.98294E-05 9.98294E-05 9.98294E-05 9.98294E-05 9.98294E-05 9.98294E-05 9.98294E-05 0.998103 9.98294E-05 9.98294E-05
9.98383E-05 9.98383E-05 9.98383E-05 9.98383E-05 9.98383E-05 9.98383E-05 9.98383E-05 9.98383E-05 9.98383E-05 9.98383E-05 9.98383E-05 0.0622787 9.98383E-05 9.98383E-05 9.98383E-05 9.98383E-05 9.98383E-05 0.935924 9.98383E-05 9.98383E-05
0.0017184 0.00432608 9.98832E-05 9.98832E-05 9.98832E-05 9.98832E-05 9.98832E-05 0.000576617 0.00509333 0.980643 9.98832E-05 0.00345636 9.98832E-05 9.98832E-05 9.98832E-05 9.98832E-05 9.98832E-05 9.98832E-05 9.98832E-05 0.00288726
0.00041876 9.98562E-05 9.98562E-05 9.98562E-05 9.98562E-05 9.98562E-05 9.98562E-05 9.98562E-05 9.98562E-05 0.596519 9.98562E-05 9.98562E-05 9.98562E-05 0.060281 9.98562E-05 9.98562E-05 9.98562E-05 9.98562E-05 9.98562E-05 0.341183
0.0017184 0.00432608 9.98832E-05 9.98832E-05 9.98832E-05 9.98832E-05 9.98832E-05 0.000576617 0.00509333 0.980643 9.98832E-05 0.00345636 9.98832E-05 9.98832E-05 9.98832E-05 9.98832E-05 9.98832E-05 9.98832E-05 9.98832E-05 0.00288726
9.98293E-05 9.98293E-05 9.98293E-05 0.998103 9.98293E-05 9.98293E-05 9.98293E-05 9.98293E-05 9.98293E-05 9.98293E-05 9.98293E-05 9.98293E-05 9.98293E-05 9.98293E-05 9.98293E-05 9.98293E-05 9.98293E-05 9.98293E-05 9.98293E-05 9.98293E-05
9.98293E-05 9.98293E-05 9.98293E-05 0.998103 9.98293E-05 9.98293E-05 9.98293E-05 9.98293E-05 9.98293E-05 9.98293E-05 9.98293E-05 9.98293E-05 9.98293E-05 9.98293E-05 9.98293E-05 9.98293E-05 9.98293E-05 9.98293E-05 9.98293E-05 9.98293E-05
9.98383E-05 9.98383E-05 9.98383E-05 9.98383E-05 9.98383E-05 9.98383E-05 9.98383E-05 9.98383E-05 9.98383E-05 9.98383E-05 9.98383E-05 0.95428 9.98383E-05 9.98383E-05 9.98383E-05 9.98383E-05 9.98383E-05 9.98383E-05 0.0439224 9.98383E-05
9.98294E-05 9.98294E-05 9.98294E-05 9.98294E-05 9.98294E-05 9.98294E-05 9.98294E-05 9.98294E-05 9.98294E-05 9.98294E-05 9.98294E-05 0.998103 9.98294E-05 9.98294E-05 9.98294E-05 9.98294E-05 9.98294E-05 9.98294E-05 9.98294E-05 9.98294E-05
9.98473E-05 9.98473E-05 0.000825667 9.98473E-05 9.98473E-05 9.98473E-05 9.98473E-05 9.98473E-05 9.98473E-05 9.98473E-05 9.98473E-05 0.892025 9.98473E-05 0.105452 9.98473E-05 9.98473E-05 9.98473E-05 9.98473E-05 9.98473E-05 9.98473E-05
9.98383E-05 9.98383E-05 9.98383E-05 9.98383E-05 9.98383E-05 9.98383E-05 9.98383E-05 9.98383E-05 9.98383E-05 0.977722 0.0204806 9.98383E-05 9.98383E-05 9.98383E-05 9.98383E-05 9.98383E-05 9.98383E-05 9.98383E-05 9.98383E-05 9.98383E-05
9.98383E-05 9.98383E-05 9.98383E-05 9.98383E-05 9.98383E-05 9.98383E-05 9.98383E-05 0.124736 9.98383E-05 9.98383E-05 9.98383E-05 0.873467 9.98383E-05 9.98383E-05 9.98383E-05 9.98383E-05 9.98383E-05 9.98383E-05 9.98383E-05 9.98383E-05
0.0017184 0.00432608 9.98832E-05 9.98832E-05 9.98832E-05 9.98832E-05 9.98832E-05 0.000576617 0.00509333 0.980643 9.98832E-05 0.00345636 9.98832E-05 9.98832E-05 9.98832E-05 9.98832E-05 9.98832E-05 9.98832E-05 9.98832E-05 0.00288726
9.98563E-05 9.98563E-05 9.98563E-05 9.98563E-05 9.98563E-05 9.98563E-05 9.98563E-05 9.98563E-05 0.982223 0.0102163 9.98563E-05 9.98563E-05 9.98563E-05 9.98563E-05 9.98563E-05 9.98563E-05 9.98563E-05 9.98563E-05 0.000126052 0.00583674
9.98652E-05 0.242052 9.98652E-05 9.98652E-05 9.98652E-05 0.188109 9.98652E-05 9.98652E-05 9.98652E-05 0.279296 9.98652E-05 0.288633 9.98652E-05 9.98652E-05 9.98652E-05 0.000411451 9.98652E-05 9.98652E-05 9.98652E-05 9.98652E-05
9.98563E-05 9.98563E-05 9.98563E-05 9.98563E-05 9.98563E-05 9.98563E-05 9.98563E-05 9.98563E-05 9.98563E-05 9.98563E-05 9.98563E-05 0.127411 0.262293 9.98563E-05 0.183142 9.98563E-05 9.98563E-05 0.425557 9.98563E-05 9.98563E-05
9.98832E-05 0.000233815 9.98832E-05 9.98832E-05 9.98832E-05 9.98832E-05 9.98832E-05 9.98832E-05 9.98832E-05 9.98832E-05 9.98832E-05 0.6276 0.250425 9.98832E-05 0.0384063 9.98832E-05 0.000630857 0.0801121 9.98832E-05 0.001293
9.98652E-05 0.245927 9.98652E-05 9.98652E-05 9.98652E-05 0.189513 9.98652E-05 9.98652E-05 9.98652E-05 0.286425 9.98652E-05 0.269531 9.98652E-05 9.98652E-05 9.98652E-05 0.0071063 9.98652E-05 9.98652E-05 9.98652E-05 9.98652E-05
0.00179257 0.00158886 9.98922E-05 9.98922E-05 9.98922E-05 0.00130644 9.98922E-05 9.98922E-05 9.98922E-05 0.00603974 9.98922E-05 0.747009 0.027928 9.98922E-05 9.98922E-05 9.98922E-05 0.00296784 0.210169 9.98922E-05 9.98922E-05
9.98652E-05 0.00344534 9.98652E-05 9.98652E-05 9.98652E-05 0.000690386 9.98652E-05 9.98652E-05 9.98652E-05 0.00611116 9.98652E-05 0.985871 9.98652E-05 9.98652E-05 9.98652E-05 9.98652E-05 0.00238407 9.98652E-05 9.98652E-05 9.98652E-05
9.98742E-05 0.0043133 9.98742E-05 9.98742E-05 9.98742E-05 0.000938884 9.98742E-05 9.98742E-05 9.98742E-05 0.00755307 0.000366749 0.982736 9.98742E-05 9.98742E-05 9.98742E-05 9.98742E-05 0.00269419 9.98742E-05 9.98742E-05 9.98742E-05
9.98922E-05 0.240094 9.98922E-05 9.98922E-05 9.98922E-05 0.18508 9.98922E-05 9.98922E-05 9.98922E-05 0.288583 9.98922E-05 0.0965969 0.125042 9.98922E-05 0.0146432 0.00455383 9.98922E-05 0.0442089 9.98922E-05 9.98922E-05
9.99072E-05 0.0108167 0.00237115 9.99072E-05 9.99072E-05 0.0026735 9.99072E-05 9.99072E-05 9.99072E-05 0.0100848 0.00767866 0.955563 0.00137833 9.99072E-05 9.99072E-05 0.00293678 0.00539775 9.99072E-05 9.99072E-05 9.99072E-05
9.98563E-05 9.98563E-05 9.98563E-05 9.98563E-05 9.98563E-05 9.98563E-05 9.98563E-05 9.98563E-05 0.982223 0.0102163 9.98563E-05 9.98563E-05 9.98563E-05 9.98563E-05 9.98563E-05 9.98563E-05 9.98563E-05 9.98563E-05 0.000126052 0.00583674
9.98383E-05 9.98383E-05 9.98383E-05 9.98383E-05 9.98383E-05 9.98383E-05 9.98383E-05 9.98383E-05 9.98383E-05 0.00201798 9.98383E-05 0.996185 9.98383E-05 9.98383E-05 9.98383E-05 9.98383E-05 9.98383E-05 9.98383E-05 9.98383E-05 9.98383E-05
9.98563E-05 9.98563E-05 9.98563E-05 9.98563E-05 9.98563E-05 9.98563E-05 9.98563E-05 9.98563E-05 9.98563E-05 9.98563E-05 9.98563E-05 0.816126 0.121342 9.98563E-05 0.0170324 9.98563E-05 9.98563E-05 0.0439027 9.98563E-05 9.98563E-05
9.98562E-05 9.98562E-05 9.98562E-05 9.98562E-05 9.98562E-05 9.98562E-05 9.98562E-05 9.98562E-05 9.98562E-05 9.98562E-05 9.98562E-05 0.194791 0.375544 9.98562E-05 0.130071 9.98562E-05 9.98562E-05 0.297997 9.98562E-05 9.98562E-05
9.9903E-05 0.0017925 0.000559878 9.9903E-05 9.9903E-05 9.9903E-05 9.9903E-05 9.9903E-05 9.9903E-05 0.0116541 0.0026136 0.768141 0.0827279 9.9903E-05 0.127001 0.00126095 0.00314975 9.9903E-05 9.9903E-05 9.9903E-05
9.99011E-05 0.161474 9.99011E-05 9.99011E-05 9.99011E-05 0.12436 9.99011E-05 9.99011E-05 0.167362 9.99011E-05 9.99011E-05 0.0285568 0.118625 9.99011E-05 0.0109129 9.99011E-05 9.99011E-05 0.0461203 0.0163433 0.325146
9.98294E-05 9.98294E-05 9.98294E-05 9.98294E-05 9.98294E-05 9.98294E-05 9.98294E-05 9.98294E-05 0.998103 9.98294E-05 9.98294E-05 9.98294E-05 9.98294E-05 9.98294E-05 9.98294E-05 9.98294E-05 9.98294E-05 9.98294E-05 9.98294E-05 9.98294E-05
9.98743E-05 0.226004 9.98743E-05 9.98743E-05 9.98743E-05 0.183433 9.98743E-05 9.98743E-05 9.98743E-05 0.342518 9.98743E-05 0.202018 9.98743E-05 9.98743E-05 9.98743E-05 0.0150416 9.98743E-05 0.029588 9.98743E-05 9.98743E-05
9.98293E-05 9.98293E-05 9.98293E-05 9.98293E-05 9.98293E-05 9.98293E-05 9.98293E-05 9.98293E-05 9.98293E-05 9.98293E-05 9.98293E-05 0.998103 9.98293E-05 9.98293E-05 9.98293E-05 9.98293E-05 9.98293E-05 9.98293E-05 9.98293E-05 9.98293E-05
9.98921E-05 0.240188 9.98921E-05 9.98921E-05 9.98921E-05 0.184183 9.98921E-05 9.98921E-05 9.98921E-05 0.282393 9.98921E-05 0.105635 0.123725 9.98921E-05 0.0148447 0.00358054 9.98921E-05 0.0442523 9.98921E-05 9.98921E-05
9.98562E-05 0.886796 9.98562E-05 9.98562E-05 9.98562E-05 0.0223076 9.98562E-05 9.98562E-05 9.98562E-05 0.0469181 9.98562E-05 0.0423806 9.98562E-05 9.98562E-05 9.98562E-05 9.98562E-05 9.98562E-05 9.98562E-05 9.98562E-05 9.98562E-05
9.98562E-05 9.98562E-05 9.98562E-05 9.98562E-05 9.98562E-05 9.98562E-05 9.98562E-05 9.98562E-05 9.98562E-05 9.98562E-05 9.98562E-05 0.815403 0.121409 9.98562E-05 0.0173132 9.98562E-05 9.98562E-05 0.0442762 9.98562E-05 9.98562E-05
9.98383E-05 9.98383E-05 9.98383E-05 9.98383E-05 9.98383E-05 0.0346265 9.98383E-05 9.98383E-05 9.98383E-05 9.98383E-05 9.98383E-05 0.963576 9.98383E-05 9.98383E-05 9.98383E-05 9.98383E-05 9.98383E-05 9.98383E-05 9.98383E-05 9.98383E-05
9.99101E-05 0.00908644 0.00382887 9.99101E-05 9.99101E-05 0.00519398 9.99101E-05 9.99101E-05 9.99101E-05 0.0121567 0.0114067 0.942252 0.00239842 9.99101E-05 9.99101E-05 0.005269 0.00678197 0.000626559 9.99101E-05 9.99101E-05
0.000943487 0.00369947 9.98922E-05 9.98922E-05 9.98922E-05 9.98922E-05 9.98922E-05 0.000178415 0.00483307 0.984905 9.98922E-05 0.00100338 9.98922E-05 9.98922E-05 9.98922E-05 9.98922E-05 9.98922E-05 0.00177665 9.98922E-05 0.00146233
9.98652E-05 0.00344534 9.98652E-05 9.98652E-05 9.98652E-05 0.000690386 9.98652E-05 9.98652E-05 9.98652E-05 0.00611116 9.98652E-05 0.985871 9.98652E-05 9.98652E-05 9.98652E-05 9.98652E-05 0.00238407 9.98652E-05 9.98652E-05 9.98652E-05
0.00206586 0.000622866 9.98742E-05 9.98742E-05 9.98742E-05 9.98742E-05 9.98742E-05 9.98742E-05 0.00213642 0.988949 0.00368528 9.98742E-05 9.98742E-05 0.00114246 9.98742E-05 9.98742E-05 9.98742E-05 9.98742E-05 9.98742E-05 9.98742E-05
9.98383E-05 9.98383E-05 9.98383E-05 9.98383E-05 9.98383E-05 9.98383E-05 9.98383E-05 9.98383E-05 9.98383E-05 9.98383E-05 9.98383E-05 9.98383E-05 9.98383E-05 0.0419618 9.98383E-05 9.98383E-05 9.98383E-05 9.98383E-05 9.98383E-05 0.956241
9.98652E-05 9.98652E-05 0.0096921 9.98652E-05 9.98652E-05 0.00826091 9.98652E-05 9.98652E-05 9.98652E-05 0.00387024 9.98652E-05 0.975003 9.98652E-05 9.98652E-05 9.98652E-05 9.98652E-05 0.00167582 9.98652E-05 9.98652E-05 9.98652E-05
9.99101E-05 0.0083084 0.0030973 9.99101E-05 9.99101E-05 0.00444743 9.99101E-05 9.99101E-05 9.99101E-05 0.0114596 0.00952862 0.949699 0.00189423 9.99101E-05 9.99101E-05 0.00412734 0.00609461 0.000344653 9.99101E-05 9.99101E-05
9.98563E-05 0.00367999 9.98563E-05 9.98563E-05 9.98563E-05 9.98563E-05 9.98563E-05 9.98563E-05 9.98563E-05 0.00561876 9.98563E-05 0.987891 9.98563E-05 9.98563E-05 9.98563E-05 9.98563E-05 0.00121268 9.98563E-05 9.98563E-05 9.98563E-05
9.98293E-05 9.98293E-05 9.98293E-05 9.98293E-05 9.98293E-05 9.98293E-05 9.98293E-05 9.98293E-05 9.98293E-05 9.98293E-05 9.98293E-05 0.998103 9.98293E-05 9.98293E-05 9.98293E-05 9.98293E-05 9.98293E-05 9.98293E-05 9.98293E-05 9.98293E-05
9.98293E-05 9.98293E-05 9.98293E-05 9.98293E-05 9.98293E-05 9.98293E-05 9.98293E-05 9.98293E-05 9.98293E-05 9.98293E-05 9.98293E-05 9.98293E-05 9.98293E-05 9.98293E-05 9.98293E-05 9.98293E-05 9.98293E-05 0.998103 9.98293E-05 9.98293E-05
9.98294E-05 9.98294E-05 9.98294E-05 9.98294E-05 9.98294E-05 9.98294E-05 9.98294E-05 9.98294E-05 9.98294E-05 9.98294E-05 9.98294E-05 9.98294E-05 9.98294E-05 9.98294E-05 9.98294E-05 9.98294E-05 9.98294E-05 0.998103 9.98294E-05 9.98294E-05
9.98563E-05 9.98563E-05 9.98563E-05 9.98563E-05 9.98563E-05 9.98563E-05 9.98563E-05 9.98563E-05 9.98563E-05 9.98563E-05 9.98563E-05 0.248316 0.512917 9.98563E-05 0.0718194 9.98563E-05 9.98563E-05 0.16535 9.98563E-05 9.98563E-05
9.98832E-05 0.00468843 0.000187216 9.98832E-05 9.98832E-05 0.00233046 9.98832E-05 9.98832E-05 9.98832E-05 0.00660344 0.00093049 0.980904 9.98832E-05 9.98832E-05 9.98832E-05 9.98832E-05 0.00305789 9.98832E-05 9.98832E-05 9.98832E-05
9.99101E-05 0.00908644 0.00382887 9.99101E-05 9.99101E-05 0.00519398 9.99101E-05 9.99101E-05 9.99101E-05 0.0121567 0.0114067 0.942252 0.00239842 9.99101E-05 9.99101E-05 0.005269 0.00678197 0.000626559 9.99101E-05 9.99101E-05
9.98652E-05 0.00328484 9.98652E-05 9.98652E-05 9.98652E-05 0.000425525 9.98652E-05 9.98652E-05 9.98652E-05 0.00769741 9.98652E-05 0.98466 9.98652E-05 9.98652E-05 9.98652E-05 9.98652E-05 0.00243419 9.98652E-05 9.98652E-05 9.98652E-05
9.99011E-05 0.00695523 0.00207933 9.99011E-05 9.99011E-05 0.00325422 9.99011E-05 9.99011E-05 9.99011E-05 0.0108994 0.00680098 0.960116 0.001177 9.99011E-05 9.99011E-05 0.00251418 0.00510488 9.99011E-05 9.99011E-05 9.99011E-05
9.98652E-05 9.98652E-05 9.98652E-05 9.98652E-05 9.98652E-05 9.98652E-05 9.98652E-05 9.98652E-05 9.98652E-05 9.98652E-05 9.98652E-05 0.437186 0.383683 9.98652E-05 0.0553269 9.98652E-05 0.000149555 0.122156 9.98652E-05 9.98652E-05
9.98832E-05 0.00468843 0.000187216 9.98832E-05 9.98832E-05 0.00233046 9.98832E-05 9.98832E-05 9.98832E-05 0.00660344 0.00093049 0.980904 9.98832E-05 9.98832E-05 9.98832E-05 9.98832E-05 0.00305789 9.98832E-05 9.98832E-05 9.98832E-05
9.98293E-05 9.98293E-05 9.98293E-05 9.98293E-05 9.98293E-05 9.98293E-05 9.98293E-05 9.98293E-05 9.98293E-05 9.98293E-05 9.98293E-05 0.998103 9.98293E-05 9.98293E-05 9.98293E-05 9.98293E-05 9.98293E-05 9.98293E-05 9.98293E-05 9.98293E-05
9.98294E-05 9.98294E-05 9.98294E-05 9.98294E-05 9.98294E-05 9.98294E-05 9.98294E-05 9.98294E-05 9.98294E-05 0.998103 9.98294E-05 9.98294E-05 9.98294E-05 9.98294E-05 9.98294E-05 9.98294E-05 9.98294E-05 9.98294E-05 9.98294E-05 9.98294E-05
9.98294E-05 9.98294E-05 9.98294E-05 9.98294E-05 9.98294E-05 9.98294E-05 9.98294E-05 9.98294E-05 9.98294E-05 9.98294E-05 9.98294E-05 0.998103 9.98294E-05 9.98294E-05 9.98294E-05 9.98294E-05 9.98294E-05 9.98294E-05 9.98294E-05 9.98294E-05
9.98294E-05 9.98294E-05 9.98294E-05 9.98294E-05 9.98294E-05 9.98294E-05 9.98294E-05 9.98294E-05 9.98294E-05 9.98294E-05 9.98294E-05 0.998103 9.98294E-05 9.98294E-05 9.98294E-05 9.98294E-05 9.98294E-05 9.98294E-05 9.98294E-05 9.98294E-05
9.98563E-05 9.98563E-05 9.98563E-05 9.98563E-05 9.98563E-05 9.98563E-05 9.98563E-05 9.98563E-05 9.98563E-05 9.98563E-05 9.98563E-05 0.825002 0.117597 9.98563E-05 0.0134712 9.98563E-05 9.98563E-05 0.0423325 9.98563E-05 9.98563E-05
9.98563E-05 9.98563E-05 9.98563E-05 9.98563E-05 9.98563E-05 9.98563E-05 9.98563E-05 9.98563E-05 0.108233 0.114393 9.98563E-05 9.98563E-05 9.98563E-05 9.98563E-05 9.98563E-05 9.98563E-05 9.98563E-05 9.98563E-05 0.0106839 0.765093
9.98562E-05 9.98562E-05 9.98562E-05 9.98562E-05 9.98562E-05 9.98562E-05 9.98562E-05 9.98562E-05 0.125028 0.131698 9.98562E-05 9.98562E-05 9.98562E-05 9.98562E-05 9.98562E-05 9.98562E-05 9.98562E-05 9.98562E-05 0.0132332 0.728443
9.98562E-05 9.98562E-05 9.98562E-05 9.98562E-05 9.98562E-05 9.98562E-05 9.98562E-05 9.98562E-05 0.247092 0.255756 9.98562E-05 9.98562E-05 9.98562E-05 9.98562E-05 9.98562E-05 9.98562E-05 9.98562E-05 9.98562E-05 0.027746 0.467808
9.98562E-05 9.98562E-05 9.98562E-05 9.98562E-05 9.98562E-05 9.98562E-05 9.98562E-05 9.98562E-05 0.125028 0.131698 9.98562E-05 9.98562E-05 9.98562E-05 9.98562E-05 9.98562E-05 9.98562E-05 9.98562E-05 9.98562E-05 0.0132332 0.728443
9.98383E-05 9.98383E-05 9.98383E-05 9.98383E-05 9.98383E-05 9.98383E-05 9.98383E-05 9.98383E-05 9.98383E-05 9.98383E-05 9.98383E-05 9.98383E-05 9.98383E-05 0.0361707 9.98383E-05 9.98383E-05 9.98383E-05 9.98383E-05 9.98383E-05 0.962032
9.98562E-05 9.98562E-05 9.98562E-05 9.98562E-05 9.98562E-05 9.98562E-05 9.98562E-05 9.98562E-05 0.243245 0.243249 9.98562E-05 9.98562E-05 9.98562E-05 9.98562E-05 9.98562E-05 9.98562E-05 9.98562E-05 9.98562E-05 0.0266624 0.485246
9.98742E-05 0.0044161 9.98742E-05 9.98742E-05 9.98742E-05 0.00115563 9.98742E-05 9.98742E-05 9.98742E-05 0.00750457 0.000736681 0.981911 9.98742E-05 9.98742E-05 9.98742E-05 9.98742E-05 0.00287728 9.98742E-05 9.98742E-05 9.98742E-05
9.98473E-05 9.98473E-05 9.98473E-05 9.98473E-05 9.98473E-05 9.98473E-05 9.98473E-05 9.98473E-05 9.98473E-05 9.98473E-05 9.98473E-05 0.526451 9.98473E-05 0.0527292 9.98473E-05 9.98473E-05 9.98473E-05 9.98473E-05 9.98473E-05 0.419122
