9.98742E-05 9.98742E-05 9.98742E-05 9.98742E-05 9.98742E-05 9.98742E-05 9.98742E-05 9.98742E-05 0.175563 9.98742E-05 0.0756001 9.98742E-05 9.98742E-05 9.98742E-05 0.487098 0.259891 9.98742E-05 9.98742E-05 0.000448417
9.98473E-05 9.98473E-05 9.98473E-05 9.98473E-05 9.98473E-05 9.98473E-05 9.98473E-05 9.98473E-05 9.98473E-05 0.938641 9.98473E-05 9.98473E-05 9.98473E-05 9.98473E-05 9.98473E-05 9.98473E-05 0.0596618 9.98473E-05 9.98473E-05
0.00893479 9.99101E-05 0.00488508 0.0134601 9.99101E-05 0.00220554 0.00517954 9.99101E-05 0.000915143 9.99101E-05 9.99101E-05 9.99101E-05 9.99101E-05 9.99101E-05 0.00124639 0.957929 9.99101E-05 9.99101E-05 0.00424546
0.990387 9.98652E-05 9.98652E-05 9.98652E-05 9.98652E-05 9.98652E-05 0.00240509 9.98652E-05 9.98652E-05 0.00474633 9.98652E-05 9.98652E-05 9.98652E-05 9.98652E-05 9.98652E-05 0.00096325 9.98652E-05 9.98652E-05 9.98652E-05
0.986166 9.98772E-05 0.00183196 9.98772E-05 9.98772E-05 9.98772E-05 0.00368227 9.98772E-05 9.98772E-05 0.00620699 9.98772E-05 9.98772E-05 9.98772E-05 9.98772E-05 9.98772E-05 0.000714624 9.98772E-05 9.98772E-05 9.98772E-05
0.987044 9.98832E-05 0.000125585 9.98832E-05 0.000109812 9.98832E-05 0.00301852 9.98832E-05 9.98832E-05 0.00662076 9.98832E-05 9.98832E-05 9.98832E-05 9.98832E-05 9.98832E-05 0.00178324 9.98832E-05 9.98832E-05 9.98832E-05
9.98383E-05 0.998203 9.98383E-05 9.98383E-05 9.98383E-05 9.98383E-05 9.98383E-05 9.98383E-05 9.98383E-05 9.98383E-05 9.98383E-05 9.98383E-05 9.98383E-05 9.98383E-05 9.98383E-05 9.98383E-05 9.98383E-05 9.98383E-05 9.98383E-05
9.98473E-05 9.98473E-05 9.98473E-05 9.98473E-05 9.98473E-05 9.98473E-05 9.98473E-05 9.98473E-05 9.98473E-05 0.896685 9.98473E-05 9.98473E-05 9.98473E-05 0.101618 9.98473E-05 9.98473E-05 9.98473E-05 9.98473E-05 9.98473E-05
0.832541 9.98563E-05 9.98563E-05 9.98563E-05 0.165459 9.98563E-05 9.98563E-05 9.98563E-05 9.98563E-05 0.000402448 9.98563E-05 9.98563E-05 9.98563E-05 9.98563E-05 9.98563E-05 9.98563E-05 9.98563E-05 9.98563E-05 9.98563E-05
0.0910538 9.98652E-05 9.98652E-05 9.98652E-05 9.98652E-05 9.98652E-05 9.98652E-05 9.98652E-05 9.98652E-05 0.835333 0.0634491 9.98652E-05 0.00866642 9.98652E-05 9.98652E-05 9.98652E-05 9.98652E-05 9.98652E-05 9.98652E-05
0.9831 9.98832E-05 0.000605569 9.98832E-05 0.000534586 9.98832E-05 0.00352006 9.98832E-05 9.98832E-05 0.00847353 9.98832E-05 9.98832E-05 9.98832E-05 9.98832E-05 9.98832E-05 0.00246792 9.98832E-05 9.98832E-05 9.98832E-05
0.929178 9.98652E-05 9.98652E-05 9.98652E-05 9.98652E-05 9.98652E-05 9.98652E-05 9.98652E-05 9.98652E-05 0.00205636 0.0600766 9.98652E-05 9.98652E-05 9.98652E-05 9.98652E-05 9.98652E-05 9.98652E-05 0.00719071 9.98652E-05
0.990387 9.98652E-05 9.98652E-05 9.98652E-05 9.98652E-05 9.98652E-05 0.00240509 9.98652E-05 9.98652E-05 0.00474633 9.98652E-05 9.98652E-05 9.98652E-05 9.98652E-05 9.98652E-05 0.00096325 9.98652E-05 9.98652E-05 9.98652E-05
0.986827 9.98832E-05 0.000461483 0.00176747 0.000117867 9.98832E-05 0.00288939 9.98832E-05 9.98832E-05 0.00663807 9.98832E-05 9.98832E-05 9.98832E-05 9.98832E-05 9.98832E-05 9.98832E-05 9.98832E-05 9.98832E-05 9.98832E-05
0.998203 9.98384E-05 9.98384E-05 9.98384E-05 9.98384E-05 9.98384E-05 9.98384E-05 9.98384E-05 9.98384E-05 9.98384E-05 9.98384E-05 9.98384E-05 9.98384E-05 9.98384E-05 9.98384E-05 9.98384E-05 9.98384E-05 9.98384E-05 9.98384E-05
0.0662146 9.98563E-05 9.98563E-05 9.98563E-05 9.98563E-05 9.98563E-05 9.98563E-05 9.98563E-05 9.98563E-05 0.927313 9.98563E-05 9.98563E-05 0.00487418 9.98563E-05 9.98563E-05 9.98563E-05 9.98563E-05 9.98563E-05 9.98563E-05
0.981495 9.98631E-05 9.98631E-05 0.0102411 9.98631E-05 9.98631E-05 9.98631E-05 9.98631E-05 9.98631E-05 0.00666618 9.98631E-05 9.98631E-05 9.98631E-05 9.98631E-05 9.98631E-05 9.98631E-05 9.98631E-05 9.98631E-05 9.98631E-05
0.987044 9.98832E-05 0.000125585 9.98832E-05 0.000109812 9.98832E-05 0.00301852 9.98832E-05 9.98832E-05 0.00662076 9.98832E-05 9.98832E-05 9.98832E-05 9.98832E-05 9.98832E-05 0.00178324 9.98832E-05 9.98832E-05 9.98832E-05
9.98473E-05 9.98473E-05 9.98473E-05 9.98473E-05 9.98473E-05 9.98473E-05 9.98473E-05 9.98473E-05 9.98473E-05 0.058696 9.98473E-05 9.98473E-05 9.98473E-05 0.939607 9.98473E-05 9.98473E-05 9.98473E-05 9.98473E-05 9.98473E-05
9.98563E-05 9.98563E-05 9.98563E-05 9.98563E-05 9.98563E-05 9.98563E-05 9.98563E-05 9.98563E-05 9.98563E-05 0.303699 9.98563E-05 9.98563E-05 0.00486417 9.98563E-05 9.98563E-05 0.68984 9.98563E-05 9.98563E-05 9.98563E-05
9.98563E-05 9.98563E-05 9.98563E-05 0.54852 9.98563E-05 9.98563E-05 9.98563E-05 9.98563E-05 9.98563E-05 0.0028164 9.98563E-05 9.98563E-05 9.98563E-05 9.98563E-05 9.98563E-05 0.447066 9.98563E-05 9.98563E-05 9.98563E-05
0.996708 9.98563E-05 9.98563E-05 9.98563E-05 9.98563E-05 9.98563E-05 0.000733285 9.98563E-05 9.98563E-05 0.000960648 9.98563E-05 9.98563E-05 9.98563E-05 9.98563E-05 9.98563E-05 9.98563E-05 9.98563E-05 9.98563E-05 9.98563E-05
9.98473E-05 9.98473E-05 9.98473E-05 9.98473E-05 9.98473E-05 9.98473E-05 9.98473E-05 9.98473E-05 9.98473E-05 9.98473E-05 9.98473E-05 9.98473E-05 9.98473E-05 9.98473E-05 0.00112061 0.997182 9.98473E-05 9.98473E-05 9.98473E-05
0.989612 0.000454113 9.98742E-05 9.98742E-05 9.98742E-05 9.98742E-05 0.00352843 9.98742E-05 9.98742E-05 0.00271679 9.98742E-05 9.98742E-05 9.98742E-05 9.98742E-05 9.98742E-05 0.00228994 9.98742E-05 9.98742E-05 9.98742E-05
0.00193103 9.98563E-05 9.98563E-05 9.98563E-05 9.98563E-05 9.98563E-05 0.0045325 9.98563E-05 9.98563E-05 9.98563E-05 9.98563E-05 9.98563E-05 9.98563E-05 9.98563E-05 9.98563E-05 0.991939 9.98563E-05 9.98563E-05 9.98563E-05
9.98563E-05 9.98563E-05 9.98563E-05 9.98563E-05 9.98563E-05 9.98563E-05 9.98563E-05 9.98563E-05 9.98563E-05 0.889823 9.98563E-05 9.98563E-05 0.0012296 9.98563E-05 0.10735 9.98563E-05 9.98563E-05 9.98563E-05 9.98563E-05
0.985938 9.98741E-05 9.98741E-05 9.98741E-05 9.98741E-05 9.98741E-05 0.00219043 9.98741E-05 9.98741E-05 0.00663887 9.98741E-05 9.98741E-05 9.98741E-05 9.98741E-05 9.98741E-05 0.00373438 9.98741E-05 9.98741E-05 9.98741E-05
0.9831 9.98832E-05 0.000605569 9.98832E-05 0.000534586 9.98832E-05 0.00352006 9.98832E-05 9.98832E-05 0.00847353 9.98832E-05 9.98832E-05 9.98832E-05 9.98832E-05 9.98832E-05 0.00246792 9.98832E-05 9.98832E-05 9.98832E-05
0.0827315 0.0394682 9.98563E-05 9.98563E-05 9.98563E-05 9.98563E-05 9.98563E-05 0.876203 9.98563E-05 9.98563E-05 9.98563E-05 9.98563E-05 9.98563E-05 9.98563E-05 9.98563E-05 9.98563E-05 9.98563E-05 9.98563E-05 9.98563E-05
9.98473E-05 9.98473E-05 9.98473E-05 9.98473E-05 9.98473E-05 9.98473E-05 9.98473E-05 9.98473E-05 9.98473E-05 9.98473E-05 9.98473E-05 0.0166837 9.98473E-05 0.981619 9.98473E-05 9.98473E-05 9.98473E-05 9.98473E-05 9.98473E-05
0.121725 9.98563E-05 9.98563E-05 9.98563E-05 9.98563E-05 9.98563E-05 9.98563E-05 9.98563E-05 9.98563E-05 0.864668 9.98563E-05 9.98563E-05 0.0120094 9.98563E-05 9.98563E-05 9.98563E-05 9.98563E-05 9.98563E-05 9.98563E-05
0.9831 9.98832E-05 0.000605569 9.98832E-05 0.000534586 9.98832E-05 0.00352006 9.98832E-05 9.98832E-05 0.00847353 9.98832E-05 9.98832E-05 9.98832E-05 9.98832E-05 9.98832E-05 0.00246792 9.98832E-05 9.98832E-05 9.98832E-05
9.98473E-05 9.98473E-05 9.98473E-05 9.98473E-05 9.98473E-05 9.98473E-05 9.98473E-05 9.98473E-05 9.98473E-05 0.885839 9.98473E-05 9.98473E-05 9.98473E-05 0.112464 9.98473E-05 9.98473E-05 9.98473E-05 9.98473E-05 9.98473E-05
0.9831 9.98832E-05 0.000605569 9.98832E-05 0.000534586 9.98832E-05 0.00352006 9.98832E-05 9.98832E-05 0.00847353 9.98832E-05 9.98832E-05 9.98832E-05 9.98832E-05 9.98832E-05 0.00246792 9.98832E-05 9.98832E-05 9.98832E-05
0.0133783 9.99101E-05 0.00840788 0.0159148 9.99101E-05 0.00551101 0.00938537 9.99101E-05 0.0020939 9.99101E-05 9.99101E-05 9.99101E-05 9.99101E-05 9.99101E-05 0.0034433 0.93324 9.99101E-05 9.99101E-05 0.00762649
0.987395 9.98652E-05 9.98652E-05 9.98652E-05 0.000151494 9.98652E-05 0.0075418 9.98652E-05 9.98652E-05 0.00341393 9.98652E-05 9.98652E-05 9.98652E-05 9.98652E-05 9.98652E-05 9.98652E-05 9.98652E-05 9.98652E-05 9.98652E-05
0.995557 9.98563E-05 9.98563E-05 9.98563E-05 9.98563E-05 9.98563E-05 0.00118896 9.98563E-05 9.98563E-05 0.00165657 9.98563E-05 9.98563E-05 9.98563E-05 9.98563E-05 9.98563E-05 9.98563E-05 9.98563E-05 9.98563E-05 9.98563E-05
9.98652E-05 9.98652E-05 9.98652E-05 0.00227549 9.98652E-05 9.98652E-05 9.98652E-05 9.98652E-05 9.98652E-05 9.98652E-05 9.98652E-05 9.98652E-05 9.98652E-05 0.756416 9.98652E-05 0.236514 9.98652E-05 9.98652E-05 0.00329628
0.110138 9.98652E-05 9.98652E-05 9.98652E-05 9.98652E-05 9.98652E-05 9.98652E-05 9.98652E-05 9.98652E-05 0.876206 9.98652E-05 9.98652E-05 0.0109266 9.98652E-05 9.98652E-05 0.00123135 9.98652E-05 9.98652E-05 9.98652E-05
0.998203 9.98383E-05 9.98383E-05 9.98383E-05 9.98383E-05 9.98383E-05 9.98383E-05 9.98383E-05 9.98383E-05 9.98383E-05 9.98383E-05 9.98383E-05 9.98383E-05 9.98383E-05 9.98383E-05 9.98383E-05 9.98383E-05 9.98383E-05 9.98383E-05
9.98742E-05 9.98742E-05 9.98742E-05 0.64208 9.98742E-05 9.98742E-05 0.00198329 9.98742E-05 9.98742E-05 9.98742E-05 9.98742E-05 9.98742E-05 9.98742E-05 9.98742E-05 9.98742E-05 0.348737 9.98742E-05 0.00475101 0.00104975
9.98456E-05 9.98456E-05 9.98456E-05 9.98456E-05 9.98456E-05 9.98456E-05 9.98456E-05 9.98456E-05 9.98456E-05 9.98456E-05 9.98456E-05 9.98456E-05 9.98456E-05 9.98456E-05 9.98456E-05 0.998203 9.98456E-05 9.98456E-05 9.98456E-05
0.483712 9.9856E-05 9.9856E-05 9.9856E-05 9.9856E-05 9.9856E-05 9.9856E-05 9.9856E-05 9.9856E-05 9.9856E-05 9.9856E-05 9.9856E-05 9.9856E-05 9.9856E-05 9.9856E-05 0.51459 9.9856E-05 9.9856E-05 9.9856E-05
0.81316 9.98832E-05 9.98832E-05 9.98832E-05 9.98832E-05 9.98832E-05 9.98832E-05 9.98832E-05 0.0335794 0.00170746 0.0121595 9.98832E-05 9.98832E-05 9.98832E-05 0.0896988 9.98832E-05 9.98832E-05 0.0483963 9.98832E-05
0.506691 9.99011E-05 9.99011E-05 0.00690129 0.00147078 0.00032708 9.99011E-05 9.99011E-05 0.0033493 0.00464953 9.99011E-05 9.99011E-05 9.99011E-05 9.99011E-05 9.99011E-05 0.467408 9.99011E-05 9.99011E-05 0.00810456
0.849316 0.00161166 9.98742E-05 9.98742E-05 0.0147083 9.98742E-05 9.98742E-05 9.98742E-05 9.98742E-05 0.0177432 9.98742E-05 9.98742E-05 9.98742E-05 9.98742E-05 0.115223 9.98742E-05 9.98742E-05 9.98742E-05 9.98742E-05
0.9831 9.98832E-05 0.000605569 9.98832E-05 0.000534586 9.98832E-05 0.00352006 9.98832E-05 9.98832E-05 0.00847353 9.98832E-05 9.98832E-05 9.98832E-05 9.98832E-05 9.98832E-05 0.00246792 9.98832E-05 9.98832E-05 9.98832E-05
0.115698 9.98563E-05 9.98563E-05 9.98563E-05 9.98563E-05 9.98563E-05 9.98563E-05 9.98563E-05 9.98563E-05 0.871277 9.98563E-05 9.98563E-05 0.0114266 9.98563E-05 9.98563E-05 9.98563E-05 9.98563E-05 9.98563E-05 9.98563E-05
9.98473E-05 9.98473E-05 9.98473E-05 9.98473E-05 9.98473E-05 9.98473E-05 9.98473E-05 9.98473E-05 9.98473E-05 0.886821 9.98473E-05 9.98473E-05 9.98473E-05 0.111482 9.98473E-05 9.98473E-05 9.98473E-05 9.98473E-05 9.98473E-05
0.858058 0.000190423 9.98832E-05 9.98832E-05 9.98832E-05 9.98832E-05 9.98832E-05 9.98832E-05 0.0312078 0.00113311 0.00932606 9.98832E-05 9.98832E-05 9.98832E-05 0.0987861 9.98832E-05 9.98832E-05 9.98832E-05 9.98832E-05
0.872259 9.98563E-05 9.98563E-05 9.98563E-05 9.98563E-05 9.98563E-05 9.98563E-05 9.98563E-05 9.98563E-05 9.98563E-05 9.98563E-05 0.114877 9.98563E-05 0.0112661 9.98563E-05 9.98563E-05 9.98563E-05 9.98563E-05 9.98563E-05
0.990333 9.98652E-05 9.98652E-05 9.98652E-05 9.98652E-05 9.98652E-05 0.0024158 9.98652E-05 9.98652E-05 0.00477726 9.98652E-05 9.98652E-05 9.98652E-05 9.98652E-05 9.98652E-05 0.000976073 9.98652E-05 9.98652E-05 9.98652E-05
0.0331063 9.98563E-05 9.98563E-05 9.98563E-05 9.98563E-05 9.98563E-05 9.98563E-05 9.98563E-05 9.98563E-05 0.963022 9.98563E-05 9.98563E-05 0.00227397 9.98563E-05 9.98563E-05 9.98563E-05 9.98563E-05 9.98563E-05 9.98563E-05
9.98562E-05 9.98562E-05 9.98562E-05 9.98562E-05 9.98562E-05 9.98562E-05 9.98562E-05 9.98562E-05 9.98562E-05 0.766356 9.98562E-05 9.98562E-05 9.98562E-05 0.119685 9.98562E-05 9.98562E-05 9.98562E-05 9.98562E-05 0.112362
0.998203 9.98384E-05 9.98384E-05 9.98384E-05 9.98384E-05 9.98384E-05 9.98384E-05 9.98384E-05 9.98384E-05 9.98384E-05 9.98384E-05 9.98384E-05 9.98384E-05 9.98384E-05 9.98384E-05 9.98384E-05 9.98384E-05 9.98384E-05 9.98384E-05
0.146245 9.98562E-05 9.98562E-05 9.98562E-05 9.98562E-05 9.98562E-05 9.98562E-05 9.98562E-05 9.98562E-05 0.8373 9.98562E-05 9.98562E-05 0.0148576 9.98562E-05 9.98562E-05 9.98562E-05 9.98562E-05 9.98562E-05 9.98562E-05
0.998203 9.98384E-05 9.98384E-05 9.98384E-05 9.98384E-05 9.98384E-05 9.98384E-05 9.98384E-05 9.98384E-05 9.98384E-05 9.98384E-05 9.98384E-05 9.98384E-05 9.98384E-05 9.98384E-05 9.98384E-05 9.98384E-05 9.98384E-05 9.98384E-05
9.98563E-05 9.98563E-05 9.98563E-05 9.98563E-05 9.98563E-05 9.98563E-05 9.98563E-05 9.98563E-05 0.990314 9.98563E-05 0.00329671 9.98563E-05 9.98563E-05 9.98563E-05 0.00479116 9.98563E-05 9.98563E-05 9.98563E-05 9.98563E-05
0.988752 9.98742E-05 0.00154895 9.98742E-05 9.98742E-05 9.98742E-05 0.00320825 9.98742E-05 9.98742E-05 0.00482808 9.98742E-05 9.98742E-05 9.98742E-05 9.98742E-05 9.98742E-05 0.000264576 9.98742E-05 9.98742E-05 9.98742E-05
0.862024 9.98528E-05 9.98528E-05 9.98528E-05 9.98528E-05 9.98528E-05 9.98528E-05 9.98528E-05 9.98528E-05 9.98528E-05 9.98528E-05 9.98528E-05 9.98528E-05 9.98528E-05 9.98528E-05 9.98528E-05 9.98528E-05 9.98528E-05 0.136278
0.121725 9.98563E-05 9.98563E-05 9.98563E-05 9.98563E-05 9.98563E-05 9.98563E-05 9.98563E-05 9.98563E-05 0.864668 9.98563E-05 9.98563E-05 0.0120094 9.98563E-05 9.98563E-05 9.98563E-05 9.98563E-05 9.98563E-05 9.98563E-05
9.98383E-05 9.98383E-05 9.98383E-05 9.98383E-05 9.98383E-05 9.98383E-05 9.98383E-05 9.98383E-05 9.98383E-05 9.98383E-05 9.98383E-05 9.98383E-05 9.98383E-05 9.98383E-05 0.998203 9.98383E-05 9.98383E-05 9.98383E-05 9.98383E-05
9.98473E-05 9.98473E-05 9.98473E-05 9.98473E-05 9.98473E-05 9.98473E-05 9.98473E-05 9.98473E-05 9.98473E-05 0.876357 9.98473E-05 9.98473E-05 9.98473E-05 0.121945 9.98473E-05 9.98473E-05 9.98473E-05 9.98473E-05 9.98473E-05
0.00670316 9.99101E-05 0.00540951 0.00315871 9.99101E-05 0.00070931 0.00336001 9.99101E-05 9.99101E-05 9.99101E-05 9.99101E-05 0.00370838 9.99101E-05 9.99101E-05 0.000833707 0.972289 9.99101E-05 9.99101E-05 0.0028296
0.5015 9.99011E-05 9.99011E-05 0.0058453 0.003699 0.00123214 9.99011E-05 9.99011E-05 0.00130233 0.00308846 9.99011E-05 9.99011E-05 9.99011E-05 9.99011E-05 9.99011E-05 0.473195 9.99011E-05 9.99011E-05 0.00903843
9.99011E-05 9.99011E-05 9.99011E-05 0.00985047 9.99011E-05 0.00216449 9.99011E-05 9.99011E-05 0.0468797 9.99011E-05 0.0182304 9.99011E-05 9.99011E-05 9.99011E-05 0.123055 0.762387 9.99011E-05 0.0307231 0.00561065
0.11764 9.98563E-05 9.98563E-05 9.98563E-05 9.98563E-05 9.98563E-05 9.98563E-05 9.98563E-05 9.98563E-05 0.869327 9.98563E-05 9.98563E-05 0.0114356 9.98563E-05 9.98563E-05 9.98563E-05 9.98563E-05 9.98563E-05 9.98563E-05
0.0939124 9.98652E-05 9.98652E-05 9.98652E-05 9.98652E-05 9.98652E-05 0.000257707 9.98652E-05 9.98652E-05 0.895626 9.98652E-05 9.98652E-05 0.00870555 9.98652E-05 9.98652E-05 9.98652E-05 9.98652E-05 9.98652E-05 9.98652E-05
9.98473E-05 9.98473E-05 9.98473E-05 9.98473E-05 9.98473E-05 9.98473E-05 9.98473E-05 9.98473E-05 9.98473E-05 0.887649 9.98473E-05 9.98473E-05 9.98473E-05 0.110654 9.98473E-05 9.98473E-05 9.98473E-05 9.98473E-05 9.98473E-05
9.98473E-05 9.98473E-05 9.98473E-05 9.98473E-05 9.98473E-05 9.98473E-05 9.98473E-05 9.98473E-05 9.98473E-05 0.88597 9.98473E-05 9.98473E-05 9.98473E-05 0.112333 9.98473E-05 9.98473E-05 9.98473E-05 9.98473E-05 9.98473E-05
9.98563E-05 9.98563E-05 9.98563E-05 9.98563E-05 9.98563E-05 9.98563E-05 9.98563E-05 9.98563E-05 9.98563E-05 9.98563E-05 9.98563E-05 9.98563E-05 9.98563E-05 0.00275603 0.946398 0.0492479 9.98563E-05 9.98563E-05 9.98563E-05
0.998203 9.98383E-05 9.98383E-05 9.98383E-05 9.98383E-05 9.98383E-05 9.98383E-05 9.98383E-05 9.98383E-05 9.98383E-05 9.98383E-05 9.98383E-05 9.98383E-05 9.98383E-05 9.98383E-05 9.98383E-05 9.98383E-05 9.98383E-05 9.98383E-05
9.98742E-05 9.98742E-05 9.98742E-05 9.98742E-05 9.98742E-05 0.012715 9.98742E-05 9.98742E-05 0.815395 9.98742E-05 0.0596234 9.98742E-05 9.98742E-05 9.98742E-05 0.0839048 0.0269637 9.98742E-05 9.98742E-05 9.98742E-05
9.98473E-05 9.98473E-05 9.98473E-05 9.98473E-05 9.98473E-05 0.0231673 9.98473E-05 9.98473E-05 9.98473E-05 9.98473E-05 9.98473E-05 9.98473E-05 9.98473E-05 9.98473E-05 0.975135 9.98473E-05 9.98473E-05 9.98473E-05 9.98473E-05
9.98383E-05 0.998203 9.98383E-05 9.98383E-05 9.98383E-05 9.98383E-05 9.98383E-05 9.98383E-05 9.98383E-05 9.98383E-05 9.98383E-05 9.98383E-05 9.98383E-05 9.98383E-05 9.98383E-05 9.98383E-05 9.98383E-05 9.98383E-05 9.98383E-05
0.0459194 9.98742E-05 0.0308659 9.98742E-05 9.98742E-05 9.98742E-05 0.878741 9.98742E-05 9.98742E-05 9.98742E-05 9.98742E-05 0.0031395 9.98742E-05 9.98742E-05 9.98742E-05 0.0399355 9.98742E-05 9.98742E-05 9.98742E-05
9.98832E-05 0.00330325 0.00362429 9.98832E-05 9.98832E-05 9.98832E-05 0.000931796 9.98832E-05 9.98832E-05 9.98832E-05 9.98832E-05 9.98832E-05 9.98832E-05 9.98832E-05 9.98832E-05 0.988094 9.98832E-05 0.00164308 0.0011046
9.98383E-05 9.98383E-05 9.98383E-05 9.98383E-05 9.98383E-05 0.998203 9.98383E-05 9.98383E-05 9.98383E-05 9.98383E-05 9.98383E-05 9.98383E-05 9.98383E-05 9.98383E-05 9.98383E-05 9.98383E-05 9.98383E-05 9.98383E-05 9.98383E-05
9.98473E-05 9.98473E-05 9.98473E-05 9.98473E-05 9.98473E-05 9.98473E-05 9.98473E-05 9.98473E-05 0.928513 9.98473E-05 0.0697895 9.98473E-05 9.98473E-05 9.98473E-05 9.98473E-05 9.98473E-05 9.98473E-05 9.98473E-05 9.98473E-05
0.274243 9.99011E-05 0.193218 9.99011E-05 9.99011E-05 0.000676426 0.234342 0.00187795 9.99011E-05 9.99011E-05 9.99011E-05 0.0290413 0.000897605 9.99011E-05 9.99011E-05 0.264604 9.99011E-05 9.99011E-05 9.99011E-05
9.98563E-05 9.98563E-05 9.98563E-05 9.98563E-05 9.98563E-05 0.923247 9.98563E-05 9.98563E-05 9.98563E-05 9.98563E-05 9.98563E-05 9.98563E-05 9.98563E-05 9.98563E-05 9.98563E-05 0.0653339 9.98563E-05 9.98563E-05 0.00982153
0.836058 0.00504296 9.98742E-05 9.98742E-05 0.0163513 9.98742E-05 9.98742E-05 9.98742E-05 9.98742E-05 0.0257448 9.98742E-05 9.98742E-05 9.98742E-05 9.98742E-05 0.115404 9.98742E-05 9.98742E-05 9.98742E-05 9.98742E-05
0.144638 9.98563E-05 9.98563E-05 9.98563E-05 9.98563E-05 9.98563E-05 9.98563E-05 9.98563E-05 9.98563E-05 0.838562 9.98563E-05 9.98563E-05 0.0152027 9.98563E-05 9.98563E-05 9.98563E-05 9.98563E-05 9.98563E-05 9.98563E-05
0.0951268 9.98652E-05 9.98652E-05 9.98652E-05 9.98652E-05 9.98652E-05 9.98652E-05 9.98652E-05 9.98652E-05 0.830819 0.0634342 9.98652E-05 0.00912231 9.98652E-05 9.98652E-05 9.98652E-05 9.98652E-05 9.98652E-05 9.98652E-05
0.00822387 9.99191E-05 0.00672114 0.0124287 9.99191E-05 0.0041402 0.00738891 9.99191E-05 0.00157428 0.00514151 9.99191E-05 9.99191E-05 9.99191E-05 9.99191E-05 0.00250039 0.944742 9.99191E-05 9.99191E-05 0.00623998
9.98652E-05 9.98652E-05 9.98652E-05 9.98652E-05 9.98652E-05 9.98652E-05 9.98652E-05 9.98652E-05 0.869481 9.98652E-05 0.0424421 9.98652E-05 9.98652E-05 9.98652E-05 0.0603732 0.0262062 9.98652E-05 9.98652E-05 9.98652E-05
0.00529596 9.99077E-05 0.000464933 0.516031 9.99077E-05 0.000295202 0.00367351 9.99077E-05 0.000906199 9.99077E-05 9.99077E-05 9.99077E-05 9.99077E-05 9.99077E-05 9.99077E-05 0.469987 9.99077E-05 9.99077E-05 0.00224724
0.766773 9.98652E-05 9.98652E-05 9.98652E-05 9.98652E-05 9.98652E-05 9.98652E-05 9.98652E-05 0.181345 0.00421061 9.98652E-05 9.98652E-05 9.98652E-05 9.98652E-05 9.98652E-05 9.98652E-05 9.98652E-05 0.0461729 9.98652E-05
9.98563E-05 9.98563E-05 0.0137655 9.98563E-05 9.98563E-05 9.98563E-05 9.98563E-05 9.98563E-05 0.919246 9.98563E-05 9.98563E-05 9.98563E-05 9.98563E-05 9.98563E-05 9.98563E-05 0.0653907 9.98563E-05 9.98563E-05 9.98563E-05
0.9831 9.98832E-05 0.000605569 9.98832E-05 0.000534586 9.98832E-05 0.00352006 9.98832E-05 9.98832E-05 0.00847353 9.98832E-05 9.98832E-05 9.98832E-05 9.98832E-05 9.98832E-05 0.00246792 9.98832E-05 9.98832E-05 9.98832E-05
9.98652E-05 9.98652E-05 9.98652E-05 9.98652E-05 9.98652E-05 9.98652E-05 9.98652E-05 9.98652E-05 0.0595124 0.795647 0.0237789 9.98652E-05 9.98652E-05 0.119563 9.98652E-05 9.98652E-05 9.98652E-05 9.98652E-05 9.98652E-05
9.98383E-05 9.98383E-05 9.98383E-05 9.98383E-05 9.98383E-05 9.98383E-05 9.98383E-05 9.98383E-05 9.98383E-05 9.98383E-05 9.98383E-05 9.98383E-05 9.98383E-05 9.98383E-05 0.998203 9.98383E-05 9.98383E-05 9.98383E-05 9.98383E-05
0.9831 9.98832E-05 0.000605569 9.98832E-05 0.000534586 9.98832E-05 0.00352006 9.98832E-05 9.98832E-05 0.00847353 9.98832E-05 9.98832E-05 9.98832E-05 9.98832E-05 9.98832E-05 0.00246792 9.98832E-05 9.98832E-05 9.98832E-05
0.9831 9.98832E-05 0.000605569 9.98832E-05 0.000534586 9.98832E-05 0.00352006 9.98832E-05 9.98832E-05 0.00847353 9.98832E-05 9.98832E-05 9.98832E-05 9.98832E-05 9.98832E-05 0.00246792 9.98832E-05 9.98832E-05 9.98832E-05
0.926225 9.98652E-05 9.98652E-05 9.98652E-05 0.0030918 9.98652E-05 9.98652E-05 9.98652E-05 9.98652E-05 0.00468559 0.0644997 9.98652E-05 9.98652E-05 9.98652E-05 9.98652E-05 9.98652E-05 9.98652E-05 9.98652E-05 9.98652E-05
9.98383E-05 9.98383E-05 9.98383E-05 9.98383E-05 9.98383E-05 9.98383E-05 9.98383E-05 9.98383E-05 9.98383E-05 9.98383E-05 9.98383E-05 9.98383E-05 9.98383E-05 9.98383E-05 0.998203 9.98383E-05 9.98383E-05 9.98383E-05 9.98383E-05
0.989695 9.98652E-05 9.98652E-05 9.98652E-05 9.98652E-05 9.98652E-05 0.00252481 9.98652E-05 9.98652E-05 0.00508937 9.98652E-05 9.98652E-05 9.98652E-05 9.98652E-05 9.98652E-05 0.00119323 9.98652E-05 9.98652E-05 9.98652E-05
0.0126765 9.99101E-05 0.00775777 0.0141769 9.99101E-05 0.00483497 0.00863621 9.99101E-05 0.00183352 9.99101E-05 9.99101E-05 9.99101E-05 9.99101E-05 9.99101E-05 0.00298517 0.939124 9.99101E-05 9.99101E-05 0.00697602
0.0123333 9.99101E-05 0.00749697 0.0172408 9.99101E-05 0.00461789 0.0083411 9.99101E-05 0.0017606 9.99101E-05 9.99101E-05 9.99101E-05 9.99101E-05 9.99101E-05 0.00283064 0.937651 9.99101E-05 9.99101E-05 0.00672881
0.0105689 0.00321862 9.98832E-05 9.98832E-05 0.0139 9.98832E-05 9.98832E-05 9.98832E-05 9.98832E-05 0.843224 9.98832E-05 9.98832E-05 0.0163258 9.98832E-05 0.111464 9.98832E-05 9.98832E-05 9.98832E-05 9.98832E-05
9.98562E-05 9.98562E-05 9.98562E-05 9.98562E-05 9.98562E-05 9.98562E-05 9.98562E-05 9.98562E-05 0.0697199 0.868976 9.98562E-05 9.98562E-05 9.98562E-05 9.98562E-05 9.98562E-05 9.98562E-05 0.0597067 9.98562E-05 9.98562E-05
0.0728179 9.98742E-05 0.788725 9.98742E-05 9.98742E-05 9.98742E-05 0.0608892 9.98742E-05 9.98742E-05 9.98742E-05 9.98742E-05 0.00603764 9.98742E-05 9.98742E-05 9.98742E-05 0.0701323 9.98742E-05 9.98742E-05 9.98742E-05
9.98742E-05 9.98742E-05 0.017323 9.98742E-05 9.98742E-05 0.000280305 9.98742E-05 9.98742E-05 0.794398 9.98742E-05 0.0188625 9.98742E-05 9.98742E-05 9.98742E-05 9.98742E-05 0.167738 9.98742E-05 9.98742E-05 9.98742E-05
0.776459 9.98473E-05 9.98473E-05 0.221844 9.98473E-05 9.98473E-05 9.98473E-05 9.98473E-05 9.98473E-05 9.98473E-05 9.98473E-05 9.98473E-05 9.98473E-05 9.98473E-05 9.98473E-05 9.98473E-05 9.98473E-05 9.98473E-05 9.98473E-05
0.773982 9.98563E-05 9.98563E-05 0.221836 9.98563E-05 9.98563E-05 9.98563E-05 9.98563E-05 9.98563E-05 0.00258463 9.98563E-05 9.98563E-05 9.98563E-05 9.98563E-05 9.98563E-05 9.98563E-05 9.98563E-05 9.98563E-05 9.98563E-05
9.98383E-05 9.98383E-05 9.98383E-05 9.98383E-05 9.98383E-05 9.98383E-05 9.98383E-05 9.98383E-05 0.998203 9.98383E-05 9.98383E-05 9.98383E-05 9.98383E-05 9.98383E-05 9.98383E-05 9.98383E-05 9.98383E-05 9.98383E-05 9.98383E-05
9.98563E-05 9.98563E-05 9.98563E-05 9.98563E-05 9.98563E-05 9.98563E-05 0.0568694 9.98563E-05 0.932767 9.98563E-05 9.98563E-05 9.98563E-05 9.98563E-05 9.98563E-05 9.98563E-05 0.00876558 9.98563E-05 9.98563E-05 9.98563E-05
0.9831 9.98832E-05 0.000605569 9.98832E-05 0.000534586 9.98832E-05 0.00352006 9.98832E-05 9.98832E-05 0.00847353 9.98832E-05 9.98832E-05 9.98832E-05 9.98832E-05 9.98832E-05 0.00246792 9.98832E-05 9.98832E-05 9.98832E-05
0.813293 9.98832E-05 0.000662897 9.98832E-05 9.98832E-05 9.98832E-05 9.98832E-05 9.98832E-05 9.98832E-05 0.0572969 9.98832E-05 9.98832E-05 9.98832E-05 0.12492 9.98832E-05 9.98832E-05 9.98832E-05 0.00166465 0.000863643
0.9831 9.98832E-05 0.000605569 9.98832E-05 0.000534586 9.98832E-05 0.00352006 9.98832E-05 9.98832E-05 0.00847353 9.98832E-05 9.98832E-05 9.98832E-05 9.98832E-05 9.98832E-05 0.00246792 9.98832E-05 9.98832E-05 9.98832E-05
0.87389 9.98474E-05 9.98474E-05 9.98474E-05 9.98474E-05 9.98474E-05 9.98474E-05 9.98474E-05 9.98474E-05 9.98474E-05 9.98474E-05 9.98474E-05 9.98474E-05 0.124413 9.98474E-05 9.98474E-05 9.98474E-05 9.98474E-05 9.98474E-05
0.998203 9.98384E-05 9.98384E-05 9.98384E-05 9.98384E-05 9.98384E-05 9.98384E-05 9.98384E-05 9.98384E-05 9.98384E-05 9.98384E-05 9.98384E-05 9.98384E-05 9.98384E-05 9.98384E-05 9.98384E-05 9.98384E-05 9.98384E-05 9.98384E-05
9.98653E-05 9.98653E-05 9.98653E-05 0.000506816 9.98653E-05 9.98653E-05 9.98653E-05 9.98653E-05 9.98653E-05 9.98653E-05 9.98653E-05 9.98653E-05 0.0461036 9.98653E-05 9.98653E-05 0.950641 9.98653E-05 9.98653E-05 0.00125096
9.98383E-05 9.98383E-05 9.98383E-05 9.98383E-05 9.98383E-05 9.98383E-05 9.98383E-05 9.98383E-05 9.98383E-05 9.98383E-05 9.98383E-05 9.98383E-05 9.98383E-05 9.98383E-05 9.98383E-05 0.998203 9.98383E-05 9.98383E-05 9.98383E-05
9.98742E-05 9.98742E-05 9.98742E-05 0.00762436 0.00128321 9.98742E-05 0.00323645 9.98742E-05 9.98742E-05 9.98742E-05 0.0742305 9.98742E-05 9.98742E-05 9.98742E-05 9.98742E-05 0.912227 9.98742E-05 9.98742E-05 9.98742E-05
0.998203 9.98383E-05 9.98383E-05 9.98383E-05 9.98383E-05 9.98383E-05 9.98383E-05 9.98383E-05 9.98383E-05 9.98383E-05 9.98383E-05 9.98383E-05 9.98383E-05 9.98383E-05 9.98383E-05 9.98383E-05 9.98383E-05 9.98383E-05 9.98383E-05
0.00135975 9.98652E-05 9.98652E-05 9.98652E-05 9.98652E-05 9.98652E-05 9.98652E-05 9.98652E-05 9.98652E-05 0.000646085 9.98652E-05 9.98652E-05 9.98652E-05 9.98652E-05 9.98652E-05 0.995907 9.98652E-05 0.000589061 9.98652E-05
0.9831 9.98832E-05 0.000605569 9.98832E-05 0.000534586 9.98832E-05 0.00352006 9.98832E-05 9.98832E-05 0.00847353 9.98832E-05 9.98832E-05 9.98832E-05 9.98832E-05 9.98832E-05 0.00246792 9.98832E-05 9.98832E-05 9.98832E-05
9.98473E-05 9.98473E-05 9.98473E-05 9.98473E-05 9.98473E-05 9.98473E-05 9.98473E-05 9.98473E-05 9.98473E-05 0.939094 9.98473E-05 9.98473E-05 9.98473E-05 9.98473E-05 9.98473E-05 9.98473E-05 0.0592088 9.98473E-05 9.98473E-05
0.00764191 9.99066E-05 0.00263453 0.00146719 9.99066E-05 0.000361842 0.00240125 9.99066E-05 0.000262695 9.99066E-05 9.99066E-05 9.99066E-05 9.99066E-05 9.99066E-05 9.99066E-05 0.981785 9.99066E-05 9.99066E-05 0.00234656
9.98652E-05 9.98652E-05 9.98652E-05 9.98652E-05 9.98652E-05 9.98652E-05 9.98652E-05 9.98652E-05 0.428865 9.98652E-05 0.182017 9.98652E-05 9.98652E-05 9.98652E-05 0.25792 0.129701 9.98652E-05 9.98652E-05 9.98652E-05
9.98832E-05 9.98832E-05 9.98832E-05 9.98832E-05 9.98832E-05 9.98832E-05 0.00293959 9.98832E-05 0.0843751 9.98832E-05 0.0390476 9.98832E-05 9.98832E-05 9.98832E-05 0.247188 0.622834 9.98832E-05 9.98832E-05 0.00231707
0.263803 9.98922E-05 0.183862 9.98922E-05 9.98922E-05 9.98922E-05 0.272986 0.000294059 9.98922E-05 9.98922E-05 9.98922E-05 0.0270617 9.98922E-05 9.98922E-05 0.00455306 0.246241 9.98922E-05 9.98922E-05 9.98922E-05
9.99011E-05 9.99011E-05 0.0016183 0.00556921 9.99011E-05 0.00790386 9.99011E-05 9.99011E-05 0.211099 9.99011E-05 9.99011E-05 9.99011E-05 9.99011E-05 9.99011E-05 0.0272058 0.713607 9.99011E-05 0.0283209 0.00357657
0.00647811 9.99191E-05 0.0040118 0.00428455 9.99191E-05 0.00149714 0.00398431 9.99191E-05 0.000697776 9.99191E-05 9.99191E-05 9.99191E-05 9.99191E-05 9.99191E-05 0.0008206 0.972817 9.99191E-05 0.00102842 0.00348151
0.00891817 9.99101E-05 0.00460649 0.00579238 9.99101E-05 0.00173642 0.00489686 9.99101E-05 0.000691369 9.99101E-05 9.99101E-05 9.99101E-05 9.99101E-05 9.99101E-05 0.000924281 0.96762 9.99101E-05 9.99101E-05 0.00381504
0.22792 9.99191E-05 0.190067 9.99191E-05 9.99191E-05 9.99191E-05 0.227395 0.00118709 0.0427661 9.99191E-05 0.0160627 0.0242674 9.99191E-05 9.99191E-05 0.123056 0.101118 9.99191E-05 0.0452612 9.99191E-05
0.0119646 9.99101E-05 0.00709929 0.0124173 9.99101E-05 0.00415158 0.00787658 9.99101E-05 0.00157062 9.99101E-05 9.99101E-05 9.99101E-05 9.99101E-05 9.99101E-05 0.00252229 0.9451 9.99101E-05 9.99101E-05 0.00629828
9.98473E-05 9.98473E-05 9.98473E-05 9.98473E-05 9.98473E-05 9.98473E-05 9.98473E-05 9.98473E-05 9.98473E-05 0.939094 9.98473E-05 9.98473E-05 9.98473E-05 9.98473E-05 9.98473E-05 9.98473E-05 0.0592088 9.98473E-05 9.98473E-05
0.00339788 9.98832E-05 0.00156207 9.98832E-05 9.98832E-05 9.98832E-05 0.00106518 9.98832E-05 9.98832E-05 9.98832E-05 9.98832E-05 9.98832E-05 9.98832E-05 9.98832E-05 9.98832E-05 0.99047 9.98832E-05 0.00111673 0.00108977
9.98742E-05 9.98742E-05 9.98742E-05 9.98742E-05 9.98742E-05 9.98742E-05 9.98742E-05 9.98742E-05 0.0451376 9.98742E-05 0.0174249 9.98742E-05 9.98742E-05 9.98742E-05 0.119715 0.787879 9.98742E-05 0.0284447 9.98742E-05
9.98652E-05 9.98652E-05 9.98652E-05 9.98652E-05 9.98652E-05 9.98652E-05 9.98652E-05 9.98652E-05 0.301548 9.98652E-05 0.129422 9.98652E-05 9.98652E-05 9.98652E-05 0.370754 0.196777 9.98652E-05 9.98652E-05 9.98652E-05
9.99011E-05 9.99011E-05 9.99011E-05 0.0083622 9.99011E-05 0.00155817 9.99011E-05 9.99011E-05 0.0465106 9.99011E-05 0.0179276 9.99011E-05 9.99011E-05 9.99011E-05 0.123564 0.765347 9.99011E-05 0.0305982 0.00503345
9.99101E-05 9.99101E-05 0.0405755 0.27296 9.99101E-05 9.99101E-05 0.0494622 9.99101E-05 0.0266319 0.473485 0.00543295 0.0257536 0.0119035 9.99101E-05 0.0927957 9.99101E-05 9.99101E-05 9.99101E-05 9.99101E-05
9.98473E-05 9.98473E-05 9.98473E-05 9.98473E-05 9.98473E-05 9.98473E-05 9.98473E-05 9.98473E-05 9.98473E-05 0.948955 9.98473E-05 9.98473E-05 9.98473E-05 9.98473E-05 9.98473E-05 9.98473E-05 0.0493476 9.98473E-05 9.98473E-05
0.998203 9.98384E-05 9.98384E-05 9.98384E-05 9.98384E-05 9.98384E-05 9.98384E-05 9.98384E-05 9.98384E-05 9.98384E-05 9.98384E-05 9.98384E-05 9.98384E-05 9.98384E-05 9.98384E-05 9.98384E-05 9.98384E-05 9.98384E-05 9.98384E-05
0.00992776 9.99101E-05 0.00457644 0.0066364 9.99101E-05 0.00228559 0.00469664 9.99101E-05 0.000976252 9.99101E-05 9.99101E-05 9.99101E-05 9.99101E-05 9.99101E-05 0.00134727 0.964264 9.99101E-05 9.99101E-05 0.00429026
0.274211 9.99101E-05 0.193071 0.0189571 9.99101E-05 0.000636457 0.234549 0.00182954 9.99101E-05 9.99101E-05 9.99101E-05 0.0287282 0.000932002 9.99101E-05 9.99101E-05 0.246086 9.99101E-05 9.99101E-05 9.99101E-05
0.0484533 9.98742E-05 0.0327503 9.98742E-05 9.98742E-05 9.98742E-05 0.871165 9.98742E-05 9.98742E-05 9.98742E-05 9.98742E-05 0.00362246 9.98742E-05 9.98742E-05 9.98742E-05 0.0426109 9.98742E-05 9.98742E-05 9.98742E-05
9.98473E-05 9.98473E-05 9.98473E-05 9.98473E-05 9.98473E-05 9.98473E-05 9.98473E-05 9.98473E-05 9.98473E-05 9.98473E-05 9.98473E-05 9.98473E-05 9.98473E-05 9.98473E-05 9.98473E-05 0.806611 9.98473E-05 0.191691 9.98473E-05
9.98383E-05 9.98383E-05 9.98383E-05 9.98383E-05 9.98383E-05 9.98383E-05 9.98383E-05 9.98383E-05 9.98383E-05 9.98383E-05 9.98383E-05 9.98383E-05 9.98383E-05 9.98383E-05 9.98383E-05 0.998203 9.98383E-05 9.98383E-05 9.98383E-05
0.0133783 9.99101E-05 0.00840788 0.0159148 9.99101E-05 0.00551101 0.00938537 9.99101E-05 0.0020939 9.99101E-05 9.99101E-05 9.99101E-05 9.99101E-05 9.99101E-05 0.0034433 0.93324 9.99101E-05 9.99101E-05 0.00762649
0.9831 9.98832E-05 0.000605569 9.98832E-05 0.000534586 9.98832E-05 0.00352006 9.98832E-05 9.98832E-05 0.00847353 9.98832E-05 9.98832E-05 9.98832E-05 9.98832E-05 9.98832E-05 0.00246792 9.98832E-05 9.98832E-05 9.98832E-05
0.00671359 9.99161E-05 0.00245603 0.000949902 9.99161E-05 0.000274368 0.00211666 9.99161E-05 9.99161E-05 9.99161E-05 9.99161E-05 9.99161E-05 9.99161E-05 9.99161E-05 0.00047043 0.983453 9.99161E-05 0.000333304 0.00223317
0.994504 9.98652E-05 9.98652E-05 9.98652E-05 9.98652E-05 9.98652E-05 0.00103873 9.98652E-05 9.98652E-05 0.00206437 9.98652E-05 9.98652E-05 9.98652E-05 9.98652E-05 9.98652E-05 0.000894651 9.98652E-05 9.98652E-05 9.98652E-05
9.98473E-05 9.98473E-05 9.98473E-05 9.98473E-05 9.98473E-05 9.98473E-05 9.98473E-05 9.98473E-05 9.98473E-05 0.879151 9.98473E-05 9.98473E-05 9.98473E-05 0.119151 9.98473E-05 9.98473E-05 9.98473E-05 9.98473E-05 9.98473E-05
0.00645118 9.99011E-05 0.0129796 0.00350523 9.99011E-05 0.0121737 9.99011E-05 9.99011E-05 0.000603477 9.99011E-05 9.99011E-05 9.99011E-05 9.99011E-05 9.99011E-05 0.000372114 0.959682 9.99011E-05 9.99011E-05 0.00313411
0.0126765 9.99101E-05 0.00775777 0.0141769 9.99101E-05 0.00483497 0.00863621 9.99101E-05 0.00183352 9.99101E-05 9.99101E-05 9.99101E-05 9.99101E-05 9.99101E-05 0.00298517 0.939124 9.99101E-05 9.99101E-05 0.00697602
0.00496191 9.99101E-05 0.00426612 0.00208193 9.99101E-05 0.000392739 0.00500954 9.99101E-05 0.000212388 0.000863072 9.99101E-05 9.99101E-05 9.99101E-05 9.99101E-05 9.99101E-05 0.978752 9.99101E-05 9.99101E-05 0.00246138
9.98383E-05 9.98383E-05 9.98383E-05 9.98383E-05 9.98383E-05 9.98383E-05 9.98383E-05 9.98383E-05 9.98383E-05 9.98383E-05 9.98383E-05 9.98383E-05 9.98383E-05 9.98383E-05 9.98383E-05 0.998203 9.98383E-05 9.98383E-05 9.98383E-05
9.98383E-05 9.98383E-05 9.98383E-05 9.98383E-05 9.98383E-05 9.98383E-05 9.98383E-05 9.98383E-05 0.998203 9.98383E-05 9.98383E-05 9.98383E-05 9.98383E-05 9.98383E-05 9.98383E-05 9.98383E-05 9.98383E-05 9.98383E-05 9.98383E-05
9.98383E-05 9.98383E-05 9.98383E-05 9.98383E-05 9.98383E-05 9.98383E-05 9.98383E-05 9.98383E-05 0.998203 9.98383E-05 9.98383E-05 9.98383E-05 9.98383E-05 9.98383E-05 9.98383E-05 9.98383E-05 9.98383E-05 9.98383E-05 9.98383E-05
9.98652E-05 9.98652E-05 9.98652E-05 9.98652E-05 9.98652E-05 9.98652E-05 9.98652E-05 9.98652E-05 0.170614 9.98652E-05 0.0726116 9.98652E-05 9.98652E-05 9.98652E-05 0.503625 0.251651 9.98652E-05 9.98652E-05 9.98652E-05
0.00243693 9.98563E-05 9.98563E-05 9.98563E-05 9.98563E-05 9.98563E-05 0.000720585 9.98563E-05 9.98563E-05 9.98563E-05 9.98563E-05 9.98563E-05 9.98563E-05 9.98563E-05 9.98563E-05 0.995245 9.98563E-05 9.98563E-05 9.98563E-05
0.0133783 9.99101E-05 0.00840788 0.0159148 9.99101E-05 0.00551101 0.00938537 9.99101E-05 0.0020939 9.99101E-05 9.99101E-05 9.99101E-05 9.99101E-05 9.99101E-05 0.0034433 0.93324 9.99101E-05 9.99101E-05 0.00762649
0.0103336 9.99101E-05 0.00606184 0.00969686 9.99101E-05 0.00332296 0.00652974 9.99101E-05 0.00132385 9.99101E-05 9.99101E-05 9.99101E-05 9.99101E-05 9.99101E-05 0.00201571 0.954336 9.99101E-05 9.99101E-05 0.00537993
0.00517063 0.00097021 0.00285078 0.00627023 9.99101E-05 0.00160034 0.00944961 9.99101E-05 0.112717 9.99101E-05 9.99101E-05 9.99101E-05 9.99101E-05 9.99101E-05 9.99101E-05 0.855489 9.99101E-05 9.99101E-05 0.00448301
9.99101E-05 9.99101E-05 0.129587 9.99101E-05 0.152736 9.99101E-05 0.164501 0.0110975 0.109168 9.99101E-05 0.0489285 0.010043 9.99101E-05 9.99101E-05 0.347952 9.99101E-05 9.99101E-05 0.0249878 9.99101E-05
0.00992776 9.99101E-05 0.00457644 0.0066364 9.99101E-05 0.00228559 0.00469664 9.99101E-05 0.000976252 9.99101E-05 9.99101E-05 9.99101E-05 9.99101E-05 9.99101E-05 0.00134727 0.964264 9.99101E-05 9.99101E-05 0.00429026
9.98742E-05 9.98742E-05 9.98742E-05 9.98742E-05 9.98742E-05 9.98742E-05 9.98742E-05 9.98742E-05 0.0445489 9.98742E-05 0.0143791 0.00383122 9.98742E-05 9.98742E-05 0.112726 0.823116 9.98742E-05 9.98742E-05 9.98742E-05
0.998203 9.98383E-05 9.98383E-05 9.98383E-05 9.98383E-05 9.98383E-05 9.98383E-05 9.98383E-05 9.98383E-05 9.98383E-05 9.98383E-05 9.98383E-05 9.98383E-05 9.98383E-05 9.98383E-05 9.98383E-05 9.98383E-05 9.98383E-05 9.98383E-05
0.240337 9.98742E-05 9.98742E-05 9.98742E-05 0.00132918 9.98742E-05 9.98742E-05 9.98742E-05 9.98742E-05 9.98742E-05 9.98742E-05 9.98742E-05 9.98742E-05 9.98742E-05 9.98742E-05 0.515149 0.0819763 0.15981 9.98742E-05
9.98303E-05 9.98303E-05 9.98303E-05 9.98303E-05 9.98303E-05 9.98303E-05 9.98303E-05 9.98303E-05 9.98303E-05 9.98303E-05 9.98303E-05 9.98303E-05 9.98303E-05 9.98303E-05 9.98303E-05 0.904818 9.98303E-05 0.0934848 9.98303E-05
9.98473E-05 9.98473E-05 9.98473E-05 9.98473E-05 9.98473E-05 9.98473E-05 9.98473E-05 9.98473E-05 9.98473E-05 9.98473E-05 9.98473E-05 9.98473E-05 9.98473E-05 9.98473E-05 9.98473E-05 0.904818 9.98473E-05 0.0934848 9.98473E-05
0.00060149 9.98563E-05 9.98563E-05 9.98563E-05 9.98563E-05 9.98563E-05 0.00933165 9.98563E-05 9.98563E-05 0.988469 9.98563E-05 9.98563E-05 9.98563E-05 9.98563E-05 9.98563E-05 9.98563E-05 9.98563E-05 9.98563E-05 9.98563E-05
0.0331063 9.98563E-05 9.98563E-05 9.98563E-05 9.98563E-05 9.98563E-05 9.98563E-05 9.98563E-05 9.98563E-05 0.963022 9.98563E-05 9.98563E-05 0.00227397 9.98563E-05 9.98563E-05 9.98563E-05 9.98563E-05 9.98563E-05 9.98563E-05
0.156289 9.98562E-05 9.98562E-05 9.98562E-05 9.98562E-05 9.98562E-05 9.98562E-05 9.98562E-05 9.98562E-05 0.825528 9.98562E-05 9.98562E-05 0.0165855 9.98562E-05 9.98562E-05 9.98562E-05 9.98562E-05 9.98562E-05 9.98562E-05
0.0331063 9.98563E-05 9.98563E-05 9.98563E-05 9.98563E-05 9.98563E-05 9.98563E-05 9.98563E-05 9.98563E-05 0.963022 9.98563E-05 9.98563E-05 0.00227397 9.98563E-05 9.98563E-05 9.98563E-05 9.98563E-05 9.98563E-05 9.98563E-05
9.98473E-05 9.98473E-05 9.98473E-05 9.98473E-05 9.98473E-05 9.98473E-05 9.98473E-05 9.98473E-05 9.98473E-05 0.880784 9.98473E-05 9.98473E-05 9.98473E-05 0.117519 9.98473E-05 9.98473E-05 9.98473E-05 9.98473E-05 9.98473E-05
0.140061 9.98562E-05 9.98562E-05 9.98562E-05 9.98562E-05 9.98562E-05 9.98562E-05 9.98562E-05 9.98562E-05 0.843555 9.98562E-05 9.98562E-05 0.0147867 9.98562E-05 9.98562E-05 9.98562E-05 9.98562E-05 9.98562E-05 9.98562E-05
0.00887553 9.99101E-05 0.00471959 0.00611103 9.99101E-05 0.00193362 0.00497907 9.99101E-05 0.000790434 9.99101E-05 9.99101E-05 9.99101E-05 9.99101E-05 9.99101E-05 0.00107547 0.966524 9.99101E-05 9.99101E-05 0.00399188
9.98653E-05 9.98653E-05 9.98653E-05 9.98653E-05 9.98653E-05 9.98653E-05 9.98653E-05 9.98653E-05 9.98653E-05 0.583627 9.98653E-05 9.98653E-05 9.98653E-05 0.120405 9.98653E-05 0.289539 9.98653E-05 9.98653E-05 0.0049311
9.98473E-05 9.98473E-05 9.98473E-05 9.98473E-05 0.127323 9.98473E-05 9.98473E-05 9.98473E-05 9.98473E-05 9.98473E-05 9.98473E-05 9.98473E-05 9.98473E-05 9.98473E-05 9.98473E-05 0.87098 9.98473E-05 9.98473E-05 9.98473E-05
9.98473E-05 9.98473E-05 0.0129006 9.98473E-05 9.98473E-05 9.98473E-05 9.98473E-05 9.98473E-05 9.98473E-05 9.98473E-05 9.98473E-05 9.98473E-05 9.98473E-05 9.98473E-05 9.98473E-05 0.985402 9.98473E-05 9.98473E-05 9.98473E-05
0.990387 9.98652E-05 9.98652E-05 9.98652E-05 9.98652E-05 9.98652E-05 0.00240509 9.98652E-05 9.98652E-05 0.00474633 9.98652E-05 9.98652E-05 9.98652E-05 9.98652E-05 9.98652E-05 0.00096325 9.98652E-05 9.98652E-05 9.98652E-05
9.98383E-05 9.98383E-05 9.98383E-05 9.98383E-05 9.98383E-05 9.98383E-05 9.98383E-05 9.98383E-05 9.98383E-05 9.98383E-05 9.98383E-05 9.98383E-05 0.998203 9.98383E-05 9.98383E-05 9.98383E-05 9.98383E-05 9.98383E-05 9.98383E-05
9.98383E-05 9.98383E-05 9.98383E-05 9.98383E-05 9.98383E-05 9.98383E-05 9.98383E-05 9.98383E-05 9.98383E-05 9.98383E-05 9.98383E-05 9.98383E-05 0.998203 9.98383E-05 9.98383E-05 9.98383E-05 9.98383E-05 9.98383E-05 9.98383E-05
0.00520305 9.98563E-05 9.98563E-05 9.98563E-05 9.98563E-05 9.98563E-05 9.98563E-05 9.98563E-05 9.98563E-05 0.0117119 9.98563E-05 9.98563E-05 0.981487 9.98563E-05 9.98563E-05 9.98563E-05 9.98563E-05 9.98563E-05 9.98563E-05
9.98832E-05 9.98832E-05 0.0233704 9.98832E-05 9.98832E-05 9.98832E-05 0.0302248 9.98832E-05 9.98832E-05 9.98832E-05 0.00319946 0.00207676 0.912784 9.98832E-05 9.98832E-05 0.0270456 9.98832E-05 9.98832E-05 9.98832E-05
0.00520305 9.98563E-05 9.98563E-05 9.98563E-05 9.98563E-05 9.98563E-05 9.98563E-05 9.98563E-05 9.98563E-05 0.0117119 9.98563E-05 9.98563E-05 0.981487 9.98563E-05 9.98563E-05 9.98563E-05 9.98563E-05 9.98563E-05 9.98563E-05
0.0122356 9.98563E-05 9.98563E-05 9.98563E-05 9.98563E-05 9.98563E-05 9.98563E-05 9.98563E-05 9.98563E-05 0.0490896 9.98563E-05 9.98563E-05 0.937077 9.98563E-05 9.98563E-05 9.98563E-05 9.98563E-05 9.98563E-05 9.98563E-05
