9.98921E-05 9.98921E-05 9.98921E-05 9.98921E-05 9.98921E-05 9.98921E-05 9.98921E-05 9.98921E-05 9.98921E-05 0.0757568 0.176284 9.98921E-05 0.261332 9.98921E-05 9.98921E-05 0.485429
9.98652E-05 9.98652E-05 9.98652E-05 9.98652E-05 9.98652E-05 9.98652E-05 9.98652E-05 9.98652E-05 9.98652E-05 9.98652E-05 9.98652E-05 0.998502 9.98652E-05 9.98652E-05 9.98652E-05 9.98652E-05
0.0121117 9.99281E-05 0.00746939 9.99281E-05 0.0225567 9.99281E-05 9.99281E-05 9.99281E-05 0.00395851 9.99281E-05 0.000468393 9.99281E-05 0.944347 0.0054701 9.99281E-05 0.00281847
0.991495 9.99011E-05 0.00187581 9.99011E-05 9.99011E-05 0.000773013 9.99011E-05 9.99011E-05 9.99011E-05 9.99011E-05 9.99011E-05 0.00311528 0.00164238 9.99011E-05 9.99011E-05 9.99011E-05
0.983051 0.00151162 0.00332849 9.99281E-05 9.99281E-05 0.0015331 0.000467408 9.99281E-05 9.99281E-05 9.99281E-05 9.99281E-05 0.00645627 0.00240615 0.000446846 9.99281E-05 9.99281E-05
0.988024 0.000416678 0.00281967 9.99101E-05 9.99101E-05 0.00116604 9.99101E-05 9.99101E-05 9.99101E-05 9.99101E-05 9.99101E-05 0.00479413 0.00178036 9.99101E-05 9.99101E-05 9.99101E-05
9.98652E-05 9.98652E-05 9.98652E-05 9.98652E-05 9.98652E-05 9.98652E-05 0.998502 9.98652E-05 9.98652E-05 9.98652E-05 9.98652E-05 9.98652E-05 9.98652E-05 9.98652E-05 9.98652E-05 9.98652E-05
0.0910757 9.99191E-05 9.99191E-05 9.99191E-05 9.99191E-05 9.99191E-05 0.00263907 0.0123196 9.99191E-05 0.0242863 0.069621 0.795182 9.99191E-05 9.99191E-05 0.00397714 9.99191E-05
0.988024 0.000416678 0.00281967 9.99101E-05 9.99101E-05 0.00116604 9.99101E-05 9.99101E-05 9.99101E-05 9.99101E-05 9.99101E-05 0.00479413 0.00178036 9.99101E-05 9.99101E-05 9.99101E-05
0.983051 0.00151162 0.00332849 9.99281E-05 9.99281E-05 0.0015331 0.000467408 9.99281E-05 9.99281E-05 9.99281E-05 9.99281E-05 0.00645627 0.00240615 0.000446846 9.99281E-05 9.99281E-05
0.983051 0.00151162 0.00332849 9.99281E-05 9.99281E-05 0.0015331 0.000467408 9.99281E-05 9.99281E-05 9.99281E-05 9.99281E-05 0.00645627 0.00240615 0.000446846 9.99281E-05 9.99281E-05
0.851159 9.98922E-05 9.98922E-05 9.98922E-05 9.98922E-05 9.98922E-05 9.98922E-05 9.98922E-05 0.000788731 9.98922E-05 9.98922E-05 0.0133395 9.98922E-05 9.98922E-05 0.133514 9.98922E-05
0.991897 9.99011E-05 0.00216803 9.99011E-05 9.99011E-05 0.000768598 9.99011E-05 9.99011E-05 9.99011E-05 9.99011E-05 9.99011E-05 0.00309625 0.00097104 9.99011E-05 9.99011E-05 9.99011E-05
0.987998 0.000437028 0.0027407 9.99281E-05 0.00164394 0.00117491 9.99281E-05 9.99281E-05 9.99281E-05 9.99281E-05 9.99281E-05 0.00484132 0.00015763 0.000206773 9.99281E-05 9.99281E-05
0.998502 9.98653E-05 9.98653E-05 9.98653E-05 9.98653E-05 9.98653E-05 9.98653E-05 9.98653E-05 9.98653E-05 9.98653E-05 9.98653E-05 9.98653E-05 9.98653E-05 9.98653E-05 9.98653E-05 9.98653E-05
0.179167 9.98922E-05 9.98922E-05 9.98922E-05 9.98922E-05 9.98922E-05 9.98922E-05 0.0172432 9.98922E-05 9.98922E-05 9.98922E-05 0.63331 9.98922E-05 9.98922E-05 0.169082 9.98922E-05
0.982498 0.00033811 9.99011E-05 9.99011E-05 0.0100044 0.00118004 9.99011E-05 9.99011E-05 9.99011E-05 9.99011E-05 9.99011E-05 0.00488005 9.99011E-05 9.99011E-05 9.99011E-05 9.99011E-05
0.826311 9.99011E-05 0.00170939 9.99011E-05 9.99011E-05 0.167894 9.99011E-05 9.99011E-05 9.99011E-05 9.99011E-05 9.99011E-05 0.00257969 9.99011E-05 0.000407366 9.99011E-05 9.99011E-05
9.98832E-05 0.0149304 9.98832E-05 9.98832E-05 9.98832E-05 9.98832E-05 9.98832E-05 9.98832E-05 9.98832E-05 9.98832E-05 9.98832E-05 0.0288443 9.98832E-05 9.98832E-05 0.954927 9.98832E-05
9.98922E-05 9.98922E-05 9.98922E-05 9.98922E-05 9.98922E-05 9.98922E-05 9.98922E-05 0.00980802 9.98922E-05 9.98922E-05 9.98922E-05 0.275635 0.709224 9.98922E-05 0.00413495 9.98922E-05
9.98832E-05 0.00550078 9.98832E-05 9.98832E-05 0.567941 9.98832E-05 9.98832E-05 9.98832E-05 9.98832E-05 9.98832E-05 9.98832E-05 9.98832E-05 0.42526 9.98832E-05 9.98832E-05 9.98832E-05
0.998068 9.98742E-05 0.000534026 9.98742E-05 9.98742E-05 9.98742E-05 9.98742E-05 9.98742E-05 9.98742E-05 9.98742E-05 9.98742E-05 9.98742E-05 9.98742E-05 9.98742E-05 9.98742E-05 9.98742E-05
0.00100681 9.98742E-05 9.98742E-05 9.98742E-05 9.98742E-05 9.98742E-05 9.98742E-05 9.98742E-05 9.98742E-05 9.98742E-05 9.98742E-05 9.98742E-05 0.997595 9.98742E-05 9.98742E-05 9.98742E-05
0.990573 9.98922E-05 0.0063583 9.98922E-05 9.98922E-05 0.000377328 9.98922E-05 9.98922E-05 9.98922E-05 9.98922E-05 9.98922E-05 0.00149241 9.98922E-05 9.98922E-05 9.98922E-05 9.98922E-05
0.00903426 9.99191E-05 0.00564574 9.99191E-05 0.0100966 9.99191E-05 9.99191E-05 9.99191E-05 0.00187618 9.99191E-05 9.99191E-05 9.99191E-05 0.966321 0.00494438 9.99191E-05 0.00118234
0.0251336 9.99101E-05 9.99101E-05 9.99101E-05 9.99101E-05 0.0160754 0.0005439 0.0274842 9.99101E-05 9.99101E-05 9.99101E-05 0.809891 9.99101E-05 9.99101E-05 9.99101E-05 0.119873
0.987071 0.00039238 0.00199622 9.99101E-05 9.99101E-05 0.00116559 9.99101E-05 9.99101E-05 9.99101E-05 9.99101E-05 9.99101E-05 0.00478664 0.00358892 9.99101E-05 9.99101E-05 9.99101E-05
0.983051 0.00151162 0.00332849 9.99281E-05 9.99281E-05 0.0015331 0.000467408 9.99281E-05 9.99281E-05 9.99281E-05 9.99281E-05 0.00645627 0.00240615 0.000446846 9.99281E-05 9.99281E-05
0.158875 9.98742E-05 9.98742E-05 9.98742E-05 9.98742E-05 9.98742E-05 0.839727 9.98742E-05 9.98742E-05 9.98742E-05 9.98742E-05 9.98742E-05 9.98742E-05 9.98742E-05 9.98742E-05 9.98742E-05
9.98742E-05 9.98742E-05 9.98742E-05 0.0127387 9.98742E-05 9.98742E-05 9.98742E-05 9.98742E-05 9.98742E-05 9.98742E-05 9.98742E-05 9.98742E-05 9.98742E-05 9.98742E-05 0.985863 9.98742E-05
0.202258 0.00720669 9.99101E-05 0.0241063 9.99101E-05 9.99101E-05 9.99101E-05 0.0289665 9.99101E-05 9.99101E-05 9.99101E-05 0.726174 9.99101E-05 9.99101E-05 0.0102891 9.99101E-05
0.983051 0.00151162 0.00332849 9.99281E-05 9.99281E-05 0.0015331 0.000467408 9.99281E-05 9.99281E-05 9.99281E-05 9.99281E-05 0.00645627 0.00240615 0.000446846 9.99281E-05 9.99281E-05
0.0805338 9.98922E-05 9.98922E-05 9.98922E-05 9.98922E-05 9.98922E-05 9.98922E-05 0.00629092 9.98922E-05 9.98922E-05 9.98922E-05 0.763589 9.98922E-05 9.98922E-05 0.148387 9.98922E-05
0.983051 0.00151162 0.00332849 9.99281E-05 9.99281E-05 0.0015331 0.000467408 9.99281E-05 9.99281E-05 9.99281E-05 9.99281E-05 0.00645627 0.00240615 0.000446846 9.99281E-05 9.99281E-05
0.0163315 9.99282E-05 0.0115975 9.99282E-05 0.0244524 9.99282E-05 9.99282E-05 9.99282E-05 0.00711749 9.99282E-05 0.001648 9.99282E-05 0.924304 0.00883692 9.99282E-05 0.00491298
0.990842 9.99011E-05 0.00232211 9.99011E-05 9.99011E-05 0.000909695 9.99011E-05 9.99011E-05 9.99011E-05 9.99011E-05 9.99011E-05 0.00358947 0.00123826 9.99011E-05 9.99011E-05 9.99011E-05
0.988024 0.000416678 0.00281967 9.99101E-05 9.99101E-05 0.00116604 9.99101E-05 9.99101E-05 9.99101E-05 9.99101E-05 9.99101E-05 0.00479413 0.00178036 9.99101E-05 9.99101E-05 9.99101E-05
0.0723639 9.98832E-05 9.98832E-05 9.98832E-05 9.98832E-05 9.98832E-05 9.98832E-05 9.98832E-05 9.98832E-05 9.98832E-05 9.98832E-05 0.119808 9.98832E-05 9.98832E-05 0.80653 9.98832E-05
0.222227 9.98922E-05 9.98922E-05 9.98922E-05 9.98922E-05 9.98922E-05 9.98922E-05 0.0227389 9.98922E-05 9.98922E-05 9.98922E-05 0.74046 9.98922E-05 9.98922E-05 0.0133756 9.98922E-05
0.998502 9.98652E-05 9.98652E-05 9.98652E-05 9.98652E-05 9.98652E-05 9.98652E-05 9.98652E-05 9.98652E-05 9.98652E-05 9.98652E-05 9.98652E-05 9.98652E-05 9.98652E-05 9.98652E-05 9.98652E-05
0.00271697 9.99011E-05 0.00226208 9.99011E-05 0.660832 9.99011E-05 9.99011E-05 9.99011E-05 9.99011E-05 9.99011E-05 9.99011E-05 9.99011E-05 0.330544 0.00254576 9.99011E-05 9.99011E-05
9.98653E-05 9.98653E-05 9.98653E-05 9.98653E-05 9.98653E-05 9.98653E-05 9.98653E-05 9.98653E-05 9.98653E-05 9.98653E-05 9.98653E-05 9.98653E-05 0.998502 9.98653E-05 9.98653E-05 9.98653E-05
9.98653E-05 9.98653E-05 9.98653E-05 9.98653E-05 9.98653E-05 9.98653E-05 9.98653E-05 9.98653E-05 9.98653E-05 9.98653E-05 9.98653E-05 9.98653E-05 0.998502 9.98653E-05 9.98653E-05 9.98653E-05
0.97838 9.98742E-05 9.98742E-05 9.98742E-05 9.98742E-05 9.98742E-05 9.98742E-05 9.98742E-05 9.98742E-05 9.98742E-05 9.98742E-05 9.98742E-05 0.0202219 9.98742E-05 9.98742E-05 9.98742E-05
0.508682 0.000433576 9.99191E-05 9.99191E-05 0.013506 0.0014953 9.99191E-05 9.99191E-05 0.00622354 9.99191E-05 0.000651616 9.99191E-05 0.468109 9.99191E-05 9.99191E-05 9.99191E-05
0.854147 9.99011E-05 9.99011E-05 9.99011E-05 9.99011E-05 0.0174766 0.00164858 9.99011E-05 9.99011E-05 9.99011E-05 9.99011E-05 0.011303 9.99011E-05 9.99011E-05 9.99011E-05 0.114326
0.987911 0.000435294 0.00279759 9.99129E-05 0.00184165 0.00117416 9.99129E-05 9.99129E-05 9.99129E-05 9.99129E-05 9.99129E-05 0.00484117 9.99129E-05 9.99129E-05 9.99129E-05 9.99129E-05
0.225473 9.98922E-05 9.98922E-05 9.98922E-05 9.98922E-05 9.98922E-05 9.98922E-05 0.0231016 9.98922E-05 9.98922E-05 9.98922E-05 0.736664 9.98922E-05 9.98922E-05 0.0135631 9.98922E-05
9.98922E-05 9.98922E-05 9.98922E-05 9.98922E-05 9.98922E-05 9.98922E-05 9.98922E-05 9.98922E-05 9.98922E-05 0.0253618 0.0668838 0.760968 9.98922E-05 9.98922E-05 0.145588 9.98922E-05
0.860548 9.98922E-05 9.98922E-05 9.98922E-05 9.98922E-05 9.98922E-05 9.98922E-05 9.98922E-05 9.98922E-05 0.0113932 0.0303272 9.98922E-05 9.98922E-05 9.98922E-05 9.98922E-05 0.0965328
0.874464 9.98832E-05 9.98832E-05 0.114024 9.98832E-05 9.98832E-05 9.98832E-05 9.98832E-05 9.98832E-05 9.98832E-05 9.98832E-05 9.98832E-05 9.98832E-05 9.98832E-05 0.0102141 9.98832E-05
0.991853 9.99011E-05 0.00217676 9.99011E-05 9.99011E-05 0.000773379 9.99011E-05 9.99011E-05 9.99011E-05 9.99011E-05 9.99011E-05 0.00311744 0.000980742 9.99011E-05 9.99011E-05 9.99011E-05
0.0125444 9.99101E-05 9.99101E-05 9.99101E-05 9.99101E-05 0.0205839 0.00164024 0.0113347 9.99101E-05 9.99101E-05 9.99101E-05 0.843888 9.99101E-05 9.99101E-05 9.99101E-05 0.10901
9.99191E-05 0.00153673 9.99191E-05 9.99191E-05 9.99191E-05 9.99191E-05 9.99191E-05 0.0156557 9.99191E-05 0.015472 0.0288231 0.713181 9.99191E-05 9.99191E-05 0.147136 0.0772965
0.969305 9.98742E-05 9.98742E-05 0.0292966 9.98742E-05 9.98742E-05 9.98742E-05 9.98742E-05 9.98742E-05 9.98742E-05 9.98742E-05 9.98742E-05 9.98742E-05 9.98742E-05 9.98742E-05 9.98742E-05
0.220644 0.00925164 9.99101E-05 0.0223917 9.99101E-05 9.99101E-05 9.99101E-05 0.0281181 9.99101E-05 9.99101E-05 9.99101E-05 0.703502 9.99101E-05 9.99101E-05 0.0150931 9.99101E-05
0.967233 9.98743E-05 9.98743E-05 0.0313686 9.98743E-05 9.98743E-05 9.98743E-05 9.98743E-05 9.98743E-05 9.98743E-05 9.98743E-05 9.98743E-05 9.98743E-05 9.98743E-05 9.98743E-05 9.98743E-05
9.98742E-05 9.98742E-05 9.98742E-05 9.98742E-05 9.98742E-05 9.98742E-05 9.98742E-05 9.98742E-05 9.98742E-05 9.98742E-05 0.826394 9.98742E-05 9.98742E-05 0.172208 9.98742E-05 9.98742E-05
0.993544 9.99011E-05 0.00179079 9.99011E-05 9.99011E-05 0.000618715 9.99011E-05 9.99011E-05 9.99011E-05 9.99011E-05 9.99011E-05 0.0022998 0.000647823 9.99011E-05 9.99011E-05 9.99011E-05
0.972625 9.98922E-05 9.98922E-05 9.98922E-05 9.98922E-05 0.000541817 9.98922E-05 9.98922E-05 9.98922E-05 9.98922E-05 9.98922E-05 0.00206855 0.0235654 9.98922E-05 9.98922E-05 9.98922E-05
0.138157 0.00598001 9.99191E-05 0.0181377 9.99191E-05 9.99191E-05 9.99191E-05 0.130198 9.99191E-05 0.0498198 9.99191E-05 0.648336 9.99191E-05 9.99191E-05 0.00847244 9.99191E-05
9.98742E-05 9.98742E-05 9.98742E-05 9.98742E-05 9.98742E-05 9.98742E-05 9.98742E-05 0.0304708 9.98742E-05 9.98742E-05 9.98742E-05 9.98742E-05 9.98742E-05 9.98742E-05 9.98742E-05 0.968131
0.102974 9.99011E-05 0.000481652 9.99011E-05 9.99011E-05 9.99011E-05 9.99011E-05 0.00921673 9.99011E-05 9.99011E-05 9.99011E-05 0.733751 9.99011E-05 9.99011E-05 0.152477 9.99011E-05
0.0102142 9.99281E-05 0.00442597 0.00543186 0.0112085 9.99281E-05 9.99281E-05 9.99281E-05 0.00216198 9.99281E-05 9.99281E-05 9.99281E-05 0.960801 0.00302661 9.99281E-05 0.00193058
0.505604 9.99024E-05 9.99024E-05 9.99024E-05 0.0110883 0.0051827 9.99024E-05 9.99024E-05 0.00530611 9.99024E-05 9.99024E-05 9.99024E-05 0.47172 9.99024E-05 9.99024E-05 9.99024E-05
0.00736099 9.99371E-05 0.00157597 9.99371E-05 0.016157 9.99371E-05 9.99371E-05 9.99371E-05 0.00284357 0.0186115 0.0474715 9.99371E-05 0.767985 0.0136035 9.99371E-05 0.123691
0.202305 0.00591275 9.99101E-05 0.0240992 9.99101E-05 9.99101E-05 9.99101E-05 0.028618 9.99101E-05 9.99101E-05 9.99101E-05 0.728611 9.99101E-05 9.99101E-05 0.00945524 9.99101E-05
0.213143 9.99011E-05 0.0034287 9.99011E-05 9.99011E-05 9.99011E-05 9.99011E-05 0.0215621 9.99011E-05 9.99011E-05 9.99011E-05 0.747298 9.99011E-05 9.99011E-05 0.0134684 9.99011E-05
0.0733901 9.99011E-05 0.00132484 9.99011E-05 9.99011E-05 9.99011E-05 9.99011E-05 0.00511607 9.99011E-05 9.99011E-05 9.99011E-05 0.770462 9.99011E-05 9.99011E-05 0.148608 9.99011E-05
9.99101E-05 9.99101E-05 0.14154 0.0124657 9.99101E-05 9.99101E-05 9.99101E-05 9.99101E-05 9.99101E-05 9.99101E-05 9.99101E-05 0.448446 0.143716 0.108803 0.14403 9.99101E-05
9.98742E-05 9.98742E-05 9.98742E-05 9.98742E-05 9.98742E-05 9.98742E-05 9.98742E-05 9.98742E-05 9.98742E-05 9.98742E-05 9.98742E-05 9.98742E-05 0.0523931 9.98742E-05 9.98742E-05 0.946209
0.998502 9.98652E-05 9.98652E-05 9.98652E-05 9.98652E-05 9.98652E-05 9.98652E-05 9.98652E-05 9.98652E-05 9.98652E-05 9.98652E-05 9.98652E-05 9.98652E-05 9.98652E-05 9.98652E-05 9.98652E-05
9.99011E-05 9.99011E-05 9.99011E-05 9.99011E-05 9.99011E-05 9.99011E-05 9.99011E-05 9.99011E-05 0.0119383 0.0601666 0.815868 9.99011E-05 0.0251268 9.99011E-05 9.99011E-05 0.0858015
9.98652E-05 9.98652E-05 9.98652E-05 9.98652E-05 9.98652E-05 9.98652E-05 9.98652E-05 9.98652E-05 9.98652E-05 9.98652E-05 9.98652E-05 9.98652E-05 9.98652E-05 9.98652E-05 9.98652E-05 0.998502
9.98652E-05 9.98652E-05 9.98652E-05 9.98652E-05 9.98652E-05 9.98652E-05 0.998502 9.98652E-05 9.98652E-05 9.98652E-05 9.98652E-05 9.98652E-05 9.98652E-05 9.98652E-05 9.98652E-05 9.98652E-05
0.0437044 9.99011E-05 0.886514 0.0030764 9.99011E-05 9.99011E-05 9.99011E-05 9.99011E-05 9.99011E-05 9.99011E-05 9.99011E-05 9.99011E-05 0.0372569 0.0283494 9.99011E-05 9.99011E-05
9.98922E-05 9.98922E-05 9.98922E-05 9.98922E-05 0.00858327 9.98922E-05 9.98922E-05 9.98922E-05 0.00361477 9.98922E-05 9.98922E-05 9.98922E-05 0.87866 9.98922E-05 0.107943 9.98922E-05
9.98652E-05 9.98652E-05 9.98652E-05 9.98652E-05 9.98652E-05 9.98652E-05 9.98652E-05 9.98652E-05 0.998502 9.98652E-05 9.98652E-05 9.98652E-05 9.98652E-05 9.98652E-05 9.98652E-05 9.98652E-05
9.98652E-05 9.98652E-05 9.98652E-05 9.98652E-05 9.98652E-05 9.98652E-05 9.98652E-05 9.98652E-05 9.98652E-05 9.98652E-05 0.998502 9.98652E-05 9.98652E-05 9.98652E-05 9.98652E-05 9.98652E-05
0.988024 0.000416678 0.00281967 9.99101E-05 9.99101E-05 0.00116604 9.99101E-05 9.99101E-05 9.99101E-05 9.99101E-05 9.99101E-05 0.00479413 0.00178036 9.99101E-05 9.99101E-05 9.99101E-05
9.98742E-05 9.98742E-05 9.98742E-05 9.98742E-05 9.98742E-05 9.98742E-05 9.98742E-05 9.98742E-05 0.937561 9.98742E-05 9.98742E-05 9.98742E-05 0.0610407 9.98742E-05 9.98742E-05 9.98742E-05
0.840916 9.99011E-05 9.99011E-05 9.99011E-05 9.99011E-05 0.0189968 0.00622133 9.99011E-05 9.99011E-05 9.99011E-05 9.99011E-05 0.0182912 9.99011E-05 9.99011E-05 9.99011E-05 0.114475
9.98922E-05 9.98922E-05 9.98922E-05 9.98922E-05 9.98922E-05 9.98922E-05 9.98922E-05 0.0188434 9.98922E-05 9.98922E-05 9.98922E-05 0.615475 9.98922E-05 0.352302 0.0121814 9.98922E-05
0.254647 9.99011E-05 9.99011E-05 9.99011E-05 9.99011E-05 9.99011E-05 0.000171599 0.0270874 9.99011E-05 9.99011E-05 9.99011E-05 0.698309 9.99011E-05 9.99011E-05 0.0186864 9.99011E-05
0.0169634 9.99281E-05 0.0104672 9.99281E-05 0.0228053 9.99281E-05 9.99281E-05 9.99281E-05 0.00646207 9.99281E-05 0.00139341 9.99281E-05 0.92877 0.0078725 9.99281E-05 0.00446695
9.98922E-05 9.98922E-05 9.98922E-05 9.98922E-05 9.98922E-05 9.98922E-05 9.98922E-05 9.98922E-05 9.98922E-05 0.0420109 0.872448 9.98922E-05 0.0218303 9.98922E-05 9.98922E-05 0.0625119
0.00253883 9.99191E-05 0.00486306 9.99191E-05 0.534133 9.99191E-05 9.99191E-05 9.99191E-05 0.00149097 9.99191E-05 0.000238564 9.99191E-05 0.451221 0.00461559 9.99191E-05 9.99191E-05
0.983051 0.00151162 0.00332849 9.99281E-05 9.99281E-05 0.0015331 0.000467408 9.99281E-05 9.99281E-05 9.99281E-05 9.99281E-05 0.00645627 0.00240615 0.000446846 9.99281E-05 9.99281E-05
9.98832E-05 9.98832E-05 9.98832E-05 9.98832E-05 9.98832E-05 9.98832E-05 9.98832E-05 9.98832E-05 9.98832E-05 9.98832E-05 0.921335 9.98832E-05 0.0666212 0.010745 9.98832E-05 9.98832E-05
0.983051 0.00151162 0.00332849 9.99281E-05 9.99281E-05 0.0015331 0.000467408 9.99281E-05 9.99281E-05 9.99281E-05 9.99281E-05 0.00645627 0.00240615 0.000446846 9.99281E-05 9.99281E-05
0.106281 9.99011E-05 9.99011E-05 9.99011E-05 9.99011E-05 9.99011E-05 0.0042853 0.0101711 9.99011E-05 9.99011E-05 9.99011E-05 0.724871 9.99011E-05 9.99011E-05 0.153292 9.99011E-05
9.98652E-05 9.98652E-05 9.98652E-05 9.98652E-05 9.98652E-05 9.98652E-05 9.98652E-05 9.98652E-05 9.98652E-05 9.98652E-05 9.98652E-05 9.98652E-05 9.98652E-05 9.98652E-05 9.98652E-05 0.998502
0.98326 0.000470837 0.00285706 9.99101E-05 9.99101E-05 0.00118534 9.99101E-05 9.99101E-05 9.99101E-05 9.99101E-05 9.99101E-05 0.00942826 0.00179963 9.99101E-05 9.99101E-05 9.99101E-05
0.983051 0.00151162 0.00332849 9.99281E-05 9.99281E-05 0.0015331 0.000467408 9.99281E-05 9.99281E-05 9.99281E-05 9.99281E-05 0.00645627 0.00240615 0.000446846 9.99281E-05 9.99281E-05
0.983051 0.00151162 0.00332849 9.99281E-05 9.99281E-05 0.0015331 0.000467408 9.99281E-05 9.99281E-05 9.99281E-05 9.99281E-05 0.00645627 0.00240615 0.000446846 9.99281E-05 9.99281E-05
9.98652E-05 9.98652E-05 9.98652E-05 9.98652E-05 9.98652E-05 9.98652E-05 9.98652E-05 9.98652E-05 9.98652E-05 9.98652E-05 9.98652E-05 9.98652E-05 9.98652E-05 9.98652E-05 9.98652E-05 0.998502
0.990945 9.99011E-05 0.0023017 9.99011E-05 9.99011E-05 0.000898515 9.99011E-05 9.99011E-05 9.99011E-05 9.99011E-05 9.99011E-05 0.00353992 0.00121558 9.99011E-05 9.99011E-05 9.99011E-05
0.0157209 9.99281E-05 0.0108773 9.99281E-05 0.0228046 9.99281E-05 9.99281E-05 9.99281E-05 0.0064719 9.99281E-05 0.00139035 9.99281E-05 0.929261 0.00819833 9.99281E-05 0.00447604
0.0157209 9.99281E-05 0.0108773 9.99281E-05 0.0228046 9.99281E-05 9.99281E-05 9.99281E-05 0.0064719 9.99281E-05 0.00139035 9.99281E-05 0.929261 0.00819833 9.99281E-05 0.00447604
0.112037 9.99191E-05 9.99191E-05 9.99191E-05 9.99191E-05 0.0166533 0.00599909 0.0232335 9.99191E-05 9.99191E-05 9.99191E-05 0.711213 9.99191E-05 9.99191E-05 0.0208602 0.109104
9.98652E-05 9.98652E-05 9.98652E-05 9.98652E-05 9.98652E-05 9.98652E-05 9.98652E-05 9.98652E-05 9.98652E-05 9.98652E-05 9.98652E-05 0.998502 9.98652E-05 9.98652E-05 9.98652E-05 9.98652E-05
0.079957 9.99011E-05 0.0674784 0.00710463 9.99011E-05 9.99011E-05 9.99011E-05 9.99011E-05 9.99011E-05 9.99011E-05 9.99011E-05 9.99011E-05 0.0721886 0.772172 9.99011E-05 9.99011E-05
9.99011E-05 9.99011E-05 9.99011E-05 9.99011E-05 9.99011E-05 9.99011E-05 9.99011E-05 9.99011E-05 9.99011E-05 0.0472557 0.858305 9.99011E-05 0.0213508 0.00444896 9.99011E-05 0.0675403
0.779248 9.98742E-05 9.98742E-05 9.98742E-05 0.219354 9.98742E-05 9.98742E-05 9.98742E-05 9.98742E-05 9.98742E-05 9.98742E-05 9.98742E-05 9.98742E-05 9.98742E-05 9.98742E-05 9.98742E-05
0.779289 9.98742E-05 9.98742E-05 9.98742E-05 0.219313 9.98742E-05 9.98742E-05 9.98742E-05 9.98742E-05 9.98742E-05 9.98742E-05 9.98742E-05 9.98742E-05 9.98742E-05 9.98742E-05 9.98742E-05
9.98652E-05 9.98652E-05 9.98652E-05 9.98652E-05 9.98652E-05 9.98652E-05 9.98652E-05 9.98652E-05 9.98652E-05 9.98652E-05 0.998502 9.98652E-05 9.98652E-05 9.98652E-05 9.98652E-05 9.98652E-05
9.98742E-05 9.98742E-05 9.98742E-05 9.98742E-05 9.98742E-05 9.98742E-05 9.98742E-05 9.98742E-05 9.98742E-05 9.98742E-05 0.937379 9.98742E-05 0.0612231 9.98742E-05 9.98742E-05 9.98742E-05
0.993277 9.99011E-05 0.000219264 9.99011E-05 9.99011E-05 0.0004772 9.99011E-05 9.99011E-05 9.99011E-05 9.99011E-05 9.99011E-05 0.00167022 0.00325718 9.99011E-05 9.99011E-05 9.99011E-05
0.842848 0.00016013 0.00122556 9.99191E-05 9.99191E-05 9.99191E-05 0.000633014 9.99191E-05 0.00194657 9.99191E-05 9.99191E-05 0.0193463 9.99191E-05 9.99191E-05 0.132941 9.99191E-05
0.938891 9.9904E-05 0.00248624 9.9904E-05 9.9904E-05 0.00119518 9.9904E-05 9.9904E-05 9.9904E-05 9.9904E-05 9.9904E-05 0.0551449 0.00118373 9.9904E-05 9.9904E-05 9.9904E-05
0.96587 9.98743E-05 9.98743E-05 0.0327317 9.98743E-05 9.98743E-05 9.98743E-05 9.98743E-05 9.98743E-05 9.98743E-05 9.98743E-05 9.98743E-05 9.98743E-05 9.98743E-05 9.98743E-05 9.98743E-05
0.96587 9.98743E-05 9.98743E-05 0.0327317 9.98743E-05 9.98743E-05 9.98743E-05 9.98743E-05 9.98743E-05 9.98743E-05 9.98743E-05 9.98743E-05 9.98743E-05 9.98743E-05 9.98743E-05 9.98743E-05
9.98922E-05 9.98922E-05 9.98922E-05 9.98922E-05 0.00880976 9.98922E-05 9.98922E-05 0.0464623 0.000904453 9.98922E-05 9.98922E-05 9.98922E-05 0.942625 9.98922E-05 9.98922E-05 9.98922E-05
9.98652E-05 9.98652E-05 9.98652E-05 9.98652E-05 9.98652E-05 9.98652E-05 9.98652E-05 9.98652E-05 9.98652E-05 9.98652E-05 9.98652E-05 9.98652E-05 0.998502 9.98652E-05 9.98652E-05 9.98652E-05
0.000646618 9.99072E-05 0.0170201 9.99072E-05 0.0119009 9.99072E-05 9.99072E-05 9.99072E-05 0.00428631 9.99072E-05 9.99072E-05 9.99072E-05 0.965047 9.99072E-05 9.99072E-05 9.99072E-05
0.998502 9.98652E-05 9.98652E-05 9.98652E-05 9.98652E-05 9.98652E-05 9.98652E-05 9.98652E-05 9.98652E-05 9.98652E-05 9.98652E-05 9.98652E-05 9.98652E-05 9.98652E-05 9.98652E-05 9.98652E-05
0.00660286 9.99011E-05 0.00195622 9.99011E-05 0.00340843 9.99011E-05 9.99011E-05 9.99011E-05 9.99011E-05 9.99011E-05 9.99011E-05 9.99011E-05 0.986108 0.000825421 9.99011E-05 9.99011E-05
0.983051 0.00151162 0.00332849 9.99281E-05 9.99281E-05 0.0015331 0.000467408 9.99281E-05 9.99281E-05 9.99281E-05 9.99281E-05 0.00645627 0.00240615 0.000446846 9.99281E-05 9.99281E-05
9.98652E-05 9.98652E-05 9.98652E-05 9.98652E-05 9.98652E-05 9.98652E-05 9.98652E-05 9.98652E-05 9.98652E-05 9.98652E-05 9.98652E-05 0.998502 9.98652E-05 9.98652E-05 9.98652E-05 9.98652E-05
0.272272 9.99011E-05 0.235657 0.0299865 9.99011E-05 9.99011E-05 9.99011E-05 9.99011E-05 9.99011E-05 9.99011E-05 9.99011E-05 9.99011E-05 0.272071 0.188915 9.99011E-05 9.99011E-05
9.98922E-05 9.98922E-05 9.98922E-05 9.98922E-05 9.98922E-05 9.98922E-05 9.98922E-05 9.98922E-05 9.98922E-05 0.18241 0.429268 9.98922E-05 0.129147 9.98922E-05 9.98922E-05 0.257976
9.99371E-05 0.00108942 9.99371E-05 0.0017307 0.00765857 9.99371E-05 9.99371E-05 0.0049442 0.00442624 0.0398723 0.0825844 9.99371E-05 0.608963 9.99371E-05 9.99371E-05 0.248031
0.278353 9.99101E-05 0.238158 0.0302813 9.99101E-05 9.99101E-05 9.99101E-05 9.99101E-05 9.99101E-05 9.99101E-05 9.99101E-05 9.99101E-05 0.261891 0.189656 9.99101E-05 0.000661929
0.00478429 9.99281E-05 0.00226538 9.99281E-05 0.0111976 9.99281E-05 9.99281E-05 9.99281E-05 0.00156069 9.99281E-05 0.211777 9.99281E-05 0.724876 0.0134466 9.99281E-05 0.0292933
0.0106613 9.99281E-05 0.00626962 9.99281E-05 0.0130392 9.99281E-05 9.99281E-05 9.99281E-05 0.00324268 9.99281E-05 0.000169441 9.99281E-05 0.958754 0.00453877 9.99281E-05 0.00252531
0.012341 9.99281E-05 0.00730609 9.99281E-05 0.0148868 9.99281E-05 9.99281E-05 9.99281E-05 0.0035516 9.99281E-05 0.000260004 9.99281E-05 0.953156 0.005162 9.99281E-05 0.00253676
0.272008 9.99281E-05 0.227383 0.0290417 9.99281E-05 9.99281E-05 9.99281E-05 9.99281E-05 9.99281E-05 0.0152549 0.0448013 9.99281E-05 0.092882 0.194315 9.99281E-05 0.123514
0.0150981 9.99281E-05 0.0101459 9.99281E-05 0.0211386 9.99281E-05 9.99281E-05 9.99281E-05 0.00582026 9.99281E-05 0.00113054 9.99281E-05 0.934281 0.00755087 9.99281E-05 0.00403502
9.98652E-05 9.98652E-05 9.98652E-05 9.98652E-05 9.98652E-05 9.98652E-05 9.98652E-05 9.98652E-05 9.98652E-05 9.98652E-05 9.98652E-05 0.998502 9.98652E-05 9.98652E-05 9.98652E-05 9.98652E-05
0.00796897 9.99191E-05 0.00350216 9.99191E-05 0.00693459 9.99191E-05 9.99191E-05 9.99191E-05 0.00102154 9.99191E-05 9.99191E-05 9.99191E-05 0.976432 0.00219596 9.99191E-05 0.00104567
9.99101E-05 9.99101E-05 9.99101E-05 9.99101E-05 0.00016477 9.99101E-05 9.99101E-05 9.99101E-05 9.99101E-05 0.0177543 0.045655 9.99101E-05 0.809281 0.00509783 9.99101E-05 0.121048
9.98921E-05 9.98921E-05 9.98921E-05 9.98921E-05 9.98921E-05 9.98921E-05 9.98921E-05 9.98921E-05 9.98921E-05 0.129641 0.301961 9.98921E-05 0.197603 9.98921E-05 9.98921E-05 0.369596
0.00684183 9.99371E-05 0.000945733 9.99371E-05 0.014751 9.99371E-05 9.99371E-05 9.99371E-05 0.0022687 0.0183129 0.0470946 9.99371E-05 0.771756 0.0130793 9.99371E-05 0.12425
9.9946E-05 9.9946E-05 0.159377 0.0158209 9.9946E-05 9.9946E-05 9.9946E-05 0.0155806 9.9946E-05 0.010734 0.0463994 0.478246 0.0274632 0.120439 0.00731466 0.118026
9.98653E-05 9.98653E-05 9.98653E-05 9.98653E-05 9.98653E-05 9.98653E-05 9.98653E-05 9.98653E-05 9.98653E-05 9.98653E-05 9.98653E-05 0.998502 9.98653E-05 9.98653E-05 9.98653E-05 9.98653E-05
9.99012E-05 0.735235 0.0927227 0.0092882 9.99012E-05 9.99012E-05 9.99012E-05 9.99012E-05 9.99012E-05 9.99012E-05 9.99012E-05 9.99012E-05 0.0792506 0.0824042 9.99012E-05 9.99012E-05
0.0117801 9.99281E-05 0.00870801 9.99281E-05 0.0170981 9.99281E-05 9.99281E-05 9.99281E-05 0.00566996 9.99281E-05 0.000713828 9.99281E-05 0.944303 0.00769176 9.99281E-05 0.00323587
0.279148 9.99191E-05 0.237426 0.0301048 9.99191E-05 9.99191E-05 9.99191E-05 0.000392646 9.99191E-05 9.99191E-05 9.99191E-05 9.99191E-05 0.264119 0.186554 9.99191E-05 0.00135594
0.0461265 9.99011E-05 0.879201 0.00356786 9.99011E-05 9.99011E-05 9.99011E-05 9.99011E-05 9.99011E-05 9.99011E-05 9.99011E-05 9.99011E-05 0.0398542 0.0301518 9.99011E-05 9.99011E-05
0.0106613 9.99281E-05 0.00626962 9.99281E-05 0.0130392 9.99281E-05 9.99281E-05 9.99281E-05 0.00324268 9.99281E-05 0.000169441 9.99281E-05 0.958754 0.00453877 9.99281E-05 0.00252531
9.98652E-05 9.98652E-05 9.98652E-05 9.98652E-05 9.98652E-05 9.98652E-05 9.98652E-05 9.98652E-05 9.98652E-05 9.98652E-05 9.98652E-05 9.98652E-05 0.998502 9.98652E-05 9.98652E-05 9.98652E-05
0.0163315 9.99282E-05 0.0115975 9.99282E-05 0.0244524 9.99282E-05 9.99282E-05 9.99282E-05 0.00711749 9.99282E-05 0.001648 9.99282E-05 0.924304 0.00883692 9.99282E-05 0.00491298
0.983051 0.00151162 0.00332849 9.99281E-05 9.99281E-05 0.0015331 0.000467408 9.99281E-05 9.99281E-05 9.99281E-05 9.99281E-05 0.00645627 0.00240615 0.000446846 9.99281E-05 9.99281E-05
0.0106613 9.99281E-05 0.00626962 9.99281E-05 0.0130392 9.99281E-05 9.99281E-05 9.99281E-05 0.00324268 9.99281E-05 0.000169441 9.99281E-05 0.958754 0.00453877 9.99281E-05 0.00252531
0.995938 9.99011E-05 0.00106252 9.99011E-05 9.99011E-05 0.000311139 9.99011E-05 9.99011E-05 9.99011E-05 9.99011E-05 9.99011E-05 9.99011E-05 0.000424073 9.99011E-05 0.00116566 9.99011E-05
0.0856288 9.99101E-05 0.00512639 9.99101E-05 0.00364748 9.99101E-05 9.99101E-05 0.00810956 9.99101E-05 9.99101E-05 9.99101E-05 0.743897 9.99101E-05 9.99101E-05 0.152592 9.99101E-05
9.99281E-05 0.0120284 0.00167476 9.99281E-05 0.0128509 9.99281E-05 9.99281E-05 9.99281E-05 0.0141951 9.99281E-05 0.0002084 9.99281E-05 0.942832 0.0134511 9.99281E-05 0.00196018
0.0157209 9.99281E-05 0.0108773 9.99281E-05 0.0228046 9.99281E-05 9.99281E-05 9.99281E-05 0.0064719 9.99281E-05 0.00139035 9.99281E-05 0.929261 0.00819833 9.99281E-05 0.00447604
0.0126412 9.99191E-05 0.00547857 9.99191E-05 0.0147484 9.99191E-05 9.99191E-05 9.99191E-05 0.00239978 9.99191E-05 9.99191E-05 9.99191E-05 0.958724 0.00345605 9.99191E-05 0.00165262
9.98652E-05 9.98652E-05 9.98652E-05 9.98652E-05 9.98652E-05 9.98652E-05 9.98652E-05 9.98652E-05 9.98652E-05 9.98652E-05 9.98652E-05 9.98652E-05 0.998502 9.98652E-05 9.98652E-05 9.98652E-05
9.98652E-05 9.98652E-05 9.98652E-05 9.98652E-05 9.98652E-05 9.98652E-05 9.98652E-05 9.98652E-05 9.98652E-05 9.98652E-05 0.998502 9.98652E-05 9.98652E-05 9.98652E-05 9.98652E-05 9.98652E-05
9.98652E-05 9.98652E-05 9.98652E-05 9.98652E-05 9.98652E-05 9.98652E-05 9.98652E-05 9.98652E-05 9.98652E-05 9.98652E-05 0.998502 9.98652E-05 9.98652E-05 9.98652E-05 9.98652E-05 9.98652E-05
9.98922E-05 9.98922E-05 9.98922E-05 9.98922E-05 9.98922E-05 9.98922E-05 9.98922E-05 9.98922E-05 9.98922E-05 0.0717791 0.169846 9.98922E-05 0.249869 9.98922E-05 9.98922E-05 0.507307
0.0117801 9.99281E-05 0.00870801 9.99281E-05 0.0170981 9.99281E-05 9.99281E-05 9.99281E-05 0.00566996 9.99281E-05 0.000713828 9.99281E-05 0.944303 0.00769176 9.99281E-05 0.00323587
0.0163315 9.99282E-05 0.0115975 9.99282E-05 0.0244524 9.99282E-05 9.99282E-05 9.99282E-05 0.00711749 9.99282E-05 0.001648 9.99282E-05 0.924304 0.00883692 9.99282E-05 0.00491298
0.0135092 9.99281E-05 0.00886278 9.99281E-05 0.0185336 9.99281E-05 9.99281E-05 9.99281E-05 0.00506002 9.99281E-05 0.000877243 9.99281E-05 0.942185 0.00659809 9.99281E-05 0.00357491
0.0153422 9.99281E-05 0.00961409 9.99281E-05 0.0204367 9.99281E-05 9.99281E-05 9.99281E-05 0.00558332 9.99281E-05 0.00104767 9.99281E-05 0.936166 0.0071284 9.99281E-05 0.00388242
0.12253 9.99191E-05 0.111331 0.0141982 9.99191E-05 9.99191E-05 9.99191E-05 9.99191E-05 9.99191E-05 0.0626808 0.146612 9.99191E-05 9.99191E-05 0.0919793 9.99191E-05 0.44977
0.0117801 9.99281E-05 0.00870801 9.99281E-05 0.0170981 9.99281E-05 9.99281E-05 9.99281E-05 0.00566996 9.99281E-05 0.000713828 9.99281E-05 0.944303 0.00769176 9.99281E-05 0.00323587
9.98652E-05 9.98652E-05 9.98652E-05 9.98652E-05 9.98652E-05 9.98652E-05 9.98652E-05 9.98652E-05 9.98652E-05 9.98652E-05 9.98652E-05 9.98652E-05 0.998502 9.98652E-05 9.98652E-05 9.98652E-05
0.18071 0.817892 9.98742E-05 9.98742E-05 9.98742E-05 9.98742E-05 9.98742E-05 9.98742E-05 9.98742E-05 9.98742E-05 9.98742E-05 9.98742E-05 9.98742E-05 9.98742E-05 9.98742E-05 9.98742E-05
0.487503 9.98742E-05 9.98742E-05 9.98742E-05 9.98742E-05 9.98742E-05 9.98742E-05 9.98742E-05 9.98742E-05 9.98742E-05 9.98742E-05 9.98742E-05 0.511099 9.98742E-05 9.98742E-05 9.98742E-05
9.98653E-05 9.98653E-05 9.98653E-05 9.98653E-05 9.98653E-05 9.98653E-05 9.98653E-05 9.98653E-05 9.98653E-05 9.98653E-05 9.98653E-05 9.98653E-05 0.998502 9.98653E-05 9.98653E-05 9.98653E-05
9.98653E-05 9.98653E-05 9.98653E-05 9.98653E-05 9.98653E-05 9.98653E-05 9.98653E-05 9.98653E-05 9.98653E-05 9.98653E-05 9.98653E-05 9.98653E-05 0.998502 9.98653E-05 9.98653E-05 9.98653E-05
0.128879 9.99011E-05 0.00948475 9.99011E-05 9.99011E-05 0.00246712 9.99011E-05 0.012856 9.99011E-05 9.99011E-05 9.99011E-05 0.845215 9.99011E-05 9.99011E-05 9.99011E-05 9.99011E-05
0.15162 9.98922E-05 9.98922E-05 9.98922E-05 9.98922E-05 0.00306125 9.98922E-05 0.015144 9.98922E-05 9.98922E-05 9.98922E-05 0.828976 9.98922E-05 9.98922E-05 9.98922E-05 9.98922E-05
0.254647 9.99011E-05 9.99011E-05 9.99011E-05 9.99011E-05 9.99011E-05 0.000171599 0.0270874 9.99011E-05 9.99011E-05 9.99011E-05 0.698309 9.99011E-05 9.99011E-05 0.0186864 9.99011E-05
0.15162 9.98922E-05 9.98922E-05 9.98922E-05 9.98922E-05 0.00306125 9.98922E-05 0.015144 9.98922E-05 9.98922E-05 9.98922E-05 0.828976 9.98922E-05 9.98922E-05 9.98922E-05 9.98922E-05
0.0919379 9.98922E-05 9.98922E-05 9.98922E-05 9.98922E-05 9.98922E-05 9.98922E-05 0.00764269 9.98922E-05 9.98922E-05 9.98922E-05 0.747268 9.98922E-05 9.98922E-05 0.151953 9.98922E-05
0.24398 9.98921E-05 9.98921E-05 9.98921E-05 9.98921E-05 9.98921E-05 9.98921E-05 0.0261807 9.98921E-05 9.98921E-05 9.98921E-05 0.712162 9.98921E-05 9.98921E-05 0.0164787 9.98921E-05
0.011664 9.99281E-05 0.00685388 9.99281E-05 0.0140436 9.99281E-05 9.99281E-05 9.99281E-05 0.0033739 9.99281E-05 0.000218456 9.99281E-05 0.955729 0.00486934 9.99281E-05 0.00244849
9.99012E-05 9.99012E-05 9.99012E-05 9.99012E-05 0.00844938 9.99012E-05 9.99012E-05 9.99012E-05 0.000749029 9.99012E-05 9.99012E-05 0.220108 0.626097 9.99012E-05 0.143498 9.99012E-05
0.00851338 9.99191E-05 0.00398957 9.99191E-05 0.00795707 9.99191E-05 9.99191E-05 9.99191E-05 0.00136432 9.99191E-05 9.99191E-05 9.99191E-05 0.973852 0.00258608 9.99191E-05 0.000837987
9.98742E-05 9.98742E-05 9.98742E-05 9.98742E-05 9.98742E-05 9.98742E-05 9.98742E-05 9.98742E-05 9.98742E-05 9.98742E-05 9.98742E-05 9.98742E-05 0.979915 0.0186868 9.98742E-05 9.98742E-05
0.991897 9.99011E-05 0.00216803 9.99011E-05 9.99011E-05 0.000768598 9.99011E-05 9.99011E-05 9.99011E-05 9.99011E-05 9.99011E-05 0.00309625 0.00097104 9.99011E-05 9.99011E-05 9.99011E-05
9.98652E-05 9.98652E-05 9.98652E-05 9.98652E-05 9.98652E-05 9.98652E-05 9.98652E-05 0.998502 9.98652E-05 9.98652E-05 9.98652E-05 9.98652E-05 9.98652E-05 9.98652E-05 9.98652E-05 9.98652E-05
9.98922E-05 9.98922E-05 9.98922E-05 9.98922E-05 9.98922E-05 9.98922E-05 9.98922E-05 0.983645 9.98922E-05 0.00345831 0.00597677 9.98922E-05 9.98922E-05 9.98922E-05 9.98922E-05 0.00572126
0.0120528 9.98832E-05 9.98832E-05 9.98832E-05 9.98832E-05 9.98832E-05 9.98832E-05 0.978473 9.98832E-05 9.98832E-05 9.98832E-05 0.00817567 9.98832E-05 9.98832E-05 9.98832E-05 9.98832E-05
9.99011E-05 9.99011E-05 0.0371842 0.00174407 9.99011E-05 9.99011E-05 9.99011E-05 0.907325 9.99011E-05 9.99011E-05 9.99011E-05 9.99011E-05 0.0388459 0.0138017 9.99011E-05 9.99011E-05
0.0120528 9.98832E-05 9.98832E-05 9.98832E-05 9.98832E-05 9.98832E-05 9.98832E-05 0.978473 9.98832E-05 9.98832E-05 9.98832E-05 0.00817567 9.98832E-05 9.98832E-05 9.98832E-05 9.98832E-05
0.0229896 9.98832E-05 9.98832E-05 9.98832E-05 9.98832E-05 9.98832E-05 9.98832E-05 0.935266 9.98832E-05 9.98832E-05 9.98832E-05 0.0404463 9.98832E-05 9.98832E-05 9.98832E-05 9.98832E-05
9.98922E-05 9.98922E-05 9.98922E-05 9.98922E-05 9.98922E-05 9.98922E-05 9.98922E-05 0.95209 9.98922E-05 0.0133227 0.00186378 9.98922E-05 9.98922E-05 9.98922E-05 9.98922E-05 0.031525
0.00736099 9.99371E-05 0.00157597 9.99371E-05 0.016157 9.99371E-05 9.99371E-05 9.99371E-05 0.00284357 0.0186115 0.0474715 9.99371E-05 0.767985 0.0136035 9.99371E-05 0.123691
0.0373711 9.98922E-05 9.98922E-05 9.98922E-05 9.98922E-05 9.98922E-05 9.98922E-05 0.878518 9.98922E-05 9.98922E-05 9.98922E-05 0.0813105 9.98922E-05 9.98922E-05 0.00160165 9.98922E-05
9.98652E-05 9.98652E-05 9.98652E-05 9.98652E-05 9.98652E-05 9.98652E-05 9.98652E-05 0.998502 9.98652E-05 9.98652E-05 9.98652E-05 9.98652E-05 9.98652E-05 9.98652E-05 9.98652E-05 9.98652E-05
9.98652E-05 9.98652E-05 9.98652E-05 9.98652E-05 9.98652E-05 9.98652E-05 9.98652E-05 0.998502 9.98652E-05 9.98652E-05 9.98652E-05 9.98652E-05 9.98652E-05 9.98652E-05 9.98652E-05 9.98652E-05
9.98832E-05 9.98832E-05 9.98832E-05 9.98832E-05 9.98832E-05 9.98832E-05 9.98832E-05 9.98832E-05 9.98832E-05 0.969393 0.0188917 9.98832E-05 9.98832E-05 9.98832E-05 9.98832E-05 0.0104163
0.254647 9.99011E-05 9.99011E-05 9.99011E-05 9.99011E-05 9.99011E-05 0.000171599 0.0270874 9.99011E-05 9.99011E-05 9.99011E-05 0.698309 9.99011E-05 9.99011E-05 0.0186864 9.99011E-05
0.0416062 9.98742E-05 9.98742E-05 9.98742E-05 9.98742E-05 9.98742E-05 9.98742E-05 9.98742E-05 9.98742E-05 0.956996 9.98742E-05 9.98742E-05 9.98742E-05 9.98742E-05 9.98742E-05 9.98742E-05
0.0520079 9.99011E-05 9.99011E-05 9.99011E-05 9.99011E-05 9.99011E-05 9.99011E-05 0.0244821 9.99011E-05 9.99011E-05 9.99011E-05 0.702629 9.99011E-05 0.203351 0.0164308 9.99011E-05
0.223234 9.99011E-05 9.99011E-05 9.99011E-05 9.99011E-05 0.000783785 9.99011E-05 0.0236491 9.99011E-05 9.99011E-05 9.99011E-05 0.575404 9.99011E-05 9.99011E-05 0.175831 9.99011E-05
0.101719 9.98922E-05 9.98922E-05 9.98922E-05 9.98922E-05 9.98922E-05 9.98922E-05 0.00921887 9.98922E-05 9.98922E-05 9.98922E-05 0.736248 9.98922E-05 9.98922E-05 0.151615 9.98922E-05
0.983051 0.00151162 0.00332849 9.99281E-05 9.99281E-05 0.0015331 0.000467408 9.99281E-05 9.99281E-05 9.99281E-05 9.99281E-05 0.00645627 0.00240615 0.000446846 9.99281E-05 9.99281E-05
0.240713 9.98922E-05 9.98922E-05 9.98922E-05 9.98922E-05 9.98922E-05 9.98922E-05 0.0253327 9.98922E-05 9.98922E-05 9.98922E-05 0.716898 9.98922E-05 9.98922E-05 0.0158571 9.98922E-05
9.98652E-05 9.98652E-05 9.98652E-05 9.98652E-05 9.98652E-05 9.98652E-05 9.98652E-05 9.98652E-05 9.98652E-05 0.998502 9.98652E-05 9.98652E-05 9.98652E-05 9.98652E-05 9.98652E-05 9.98652E-05
0.243361 9.99011E-05 9.99011E-05 9.99011E-05 9.99011E-05 9.99011E-05 0.00763438 0.0264122 9.99011E-05 9.99011E-05 9.99011E-05 0.704382 9.99011E-05 9.99011E-05 0.0171122 9.99011E-05
9.98742E-05 9.98742E-05 9.98742E-05 9.98742E-05 9.98742E-05 9.98742E-05 9.98742E-05 9.98742E-05 9.98742E-05 0.905437 9.98742E-05 9.98742E-05 0.093165 9.98742E-05 9.98742E-05 9.98742E-05
0.988024 0.000416678 0.00281967 9.99101E-05 9.99101E-05 0.00116604 9.99101E-05 9.99101E-05 9.99101E-05 9.99101E-05 9.99101E-05 0.00479413 0.00178036 9.99101E-05 9.99101E-05 9.99101E-05
0.925757 9.99011E-05 0.00173361 9.99011E-05 9.99011E-05 0.0056538 9.99011E-05 9.99011E-05 9.99011E-05 9.99011E-05 9.99011E-05 0.0631281 0.00262825 9.99011E-05 9.99011E-05 9.99011E-05
0.112843 9.99011E-05 9.99011E-05 9.99011E-05 9.99011E-05 9.99011E-05 0.000435254 0.0106555 9.99011E-05 9.99011E-05 9.99011E-05 0.72141 9.99011E-05 9.99011E-05 0.153557 9.99011E-05
0.256478 9.98921E-05 9.98921E-05 9.98921E-05 9.98921E-05 9.98921E-05 9.98921E-05 0.0266465 9.98921E-05 9.98921E-05 9.98921E-05 0.697792 9.98921E-05 9.98921E-05 0.0178853 9.98921E-05
0.252228 9.98921E-05 9.98921E-05 9.98921E-05 9.98921E-05 9.98921E-05 9.98921E-05 0.0267841 9.98921E-05 9.98921E-05 9.98921E-05 0.701887 9.98921E-05 9.98921E-05 0.0179022 9.98921E-05
0.0540099 9.99012E-05 9.99012E-05 9.99012E-05 9.99012E-05 9.99012E-05 9.99012E-05 0.00646154 9.99012E-05 9.99012E-05 9.99012E-05 0.741695 9.99012E-05 0.0458885 0.150846 9.99012E-05
9.98652E-05 9.98652E-05 9.98652E-05 9.98652E-05 0.998502 9.98652E-05 9.98652E-05 9.98652E-05 9.98652E-05 9.98652E-05 9.98652E-05 9.98652E-05 9.98652E-05 9.98652E-05 9.98652E-05 9.98652E-05
0.0780968 9.98922E-05 9.98922E-05 9.98922E-05 9.98922E-05 9.98922E-05 9.98922E-05 0.0078143 9.98922E-05 9.98922E-05 9.98922E-05 0.762642 9.98922E-05 9.98922E-05 0.150248 9.98922E-05
0.0142803 9.99281E-05 0.00956516 9.99281E-05 0.0200228 9.99281E-05 9.99281E-05 9.99281E-05 0.00555229 9.99281E-05 0.00105615 9.99281E-05 0.937679 0.00715604 9.99281E-05 0.0038891
0.00287024 9.98742E-05 9.98742E-05 9.98742E-05 9.98742E-05 0.995732 9.98742E-05 9.98742E-05 9.98742E-05 9.98742E-05 9.98742E-05 9.98742E-05 9.98742E-05 9.98742E-05 9.98742E-05 9.98742E-05
0.985684 0.0129178 9.98742E-05 9.98742E-05 9.98742E-05 9.98742E-05 9.98742E-05 9.98742E-05 9.98742E-05 9.98742E-05 9.98742E-05 9.98742E-05 9.98742E-05 9.98742E-05 9.98742E-05 9.98742E-05
9.98742E-05 9.98742E-05 9.98742E-05 9.98742E-05 9.98742E-05 9.98742E-05 9.98742E-05 9.98742E-05 9.98742E-05 9.98742E-05 9.98742E-05 9.98742E-05 0.979915 0.0186868 9.98742E-05 9.98742E-05
9.98832E-05 9.98832E-05 9.98832E-05 9.98832E-05 9.98832E-05 9.98832E-05 9.98832E-05 9.98832E-05 9.98832E-05 0.969393 0.0188917 9.98832E-05 9.98832E-05 9.98832E-05 9.98832E-05 0.0104163
0.108574 0.0101239 9.99371E-05 9.99371E-05 9.99371E-05 9.99371E-05 0.0012058 0.0324286 9.99371E-05 0.0126402 0.0255153 0.707105 9.99371E-05 9.99371E-05 0.0111405 0.090567
9.98742E-05 9.98742E-05 9.98742E-05 9.98742E-05 0.913925 9.98742E-05 9.98742E-05 9.98742E-05 9.98742E-05 9.98742E-05 9.98742E-05 9.98742E-05 9.98742E-05 9.98742E-05 0.0846763 9.98742E-05
9.98652E-05 9.98652E-05 9.98652E-05 9.98652E-05 0.998502 9.98652E-05 9.98652E-05 9.98652E-05 9.98652E-05 9.98652E-05 9.98652E-05 9.98652E-05 9.98652E-05 9.98652E-05 9.98652E-05 9.98652E-05
9.98652E-05 9.98652E-05 9.98652E-05 9.98652E-05 0.998502 9.98652E-05 9.98652E-05 9.98652E-05 9.98652E-05 9.98652E-05 9.98652E-05 9.98652E-05 9.98652E-05 9.98652E-05 9.98652E-05 9.98652E-05
9.98653E-05 9.98653E-05 9.98653E-05 9.98653E-05 9.98653E-05 9.98653E-05 9.98653E-05 9.98653E-05 9.98653E-05 9.98653E-05 9.98653E-05 9.98653E-05 0.998502 9.98653E-05 9.98653E-05 9.98653E-05
0.992756 9.99101E-05 0.00220933 9.99101E-05 0.000779506 0.000557279 9.99101E-05 9.99101E-05 9.99101E-05 9.99101E-05 9.99101E-05 0.00202189 9.99101E-05 0.000676738 9.99101E-05 9.99101E-05
9.98652E-05 9.98652E-05 9.98652E-05 9.98652E-05 9.98652E-05 9.98652E-05 9.98652E-05 9.98652E-05 9.98652E-05 9.98652E-05 9.98652E-05 0.998502 9.98652E-05 9.98652E-05 9.98652E-05 9.98652E-05
