9.98383E-05 9.98383E-05 0.26385 9.98383E-05 9.98383E-05 9.98383E-05 9.98383E-05 0.0766388 9.98383E-05 9.98383E-05 9.98383E-05 9.98383E-05 9.98383E-05 9.98383E-05 9.98383E-05 0.000303094 9.98383E-05 9.98383E-05 0.176651 9.98383E-05 9.98383E-05 0.48076 9.98383E-05
9.98114E-05 9.98114E-05 9.98114E-05 9.98114E-05 9.98114E-05 9.98114E-05 9.98114E-05 9.98114E-05 9.98114E-05 9.98114E-05 9.98114E-05 9.98114E-05 9.98114E-05 9.98114E-05 0.994623 9.98114E-05 9.98114E-05 9.98114E-05 9.98114E-05 9.98114E-05 0.00328144 9.98114E-05 9.98114E-05
0.00583436 0.00120965 0.962769 9.98742E-05 0.00121202 0.00613724 0.00610987 9.98742E-05 9.98742E-05 9.98742E-05 9.98742E-05 9.98742E-05 9.98742E-05 9.98742E-05 9.98742E-05 0.00245338 9.98742E-05 9.98742E-05 9.98742E-05 9.98742E-05 9.98742E-05 0.00146325 0.0114135
0.986175 9.98294E-05 0.00203722 9.98294E-05 9.98294E-05 0.00407647 9.98294E-05 9.98294E-05 9.98294E-05 9.98294E-05 9.98294E-05 9.98294E-05 9.98294E-05 9.98294E-05 0.005815 9.98294E-05 9.98294E-05 9.98294E-05 9.98294E-05 9.98294E-05 9.98294E-05 9.98294E-05 9.98294E-05
0.979068 0.000386743 0.00347848 9.98562E-05 9.98562E-05 0.00515405 9.98562E-05 9.98562E-05 9.98562E-05 0.0012627 9.98562E-05 9.98562E-05 0.000671381 9.98562E-05 0.00838122 9.98562E-05 9.98562E-05 9.98562E-05 9.98562E-05 9.98562E-05 9.98562E-05 9.98562E-05 9.98562E-05
0.982932 9.98473E-05 0.00282573 9.98473E-05 9.98473E-05 0.00468172 9.98473E-05 9.98473E-05 9.98473E-05 0.000489796 9.98473E-05 9.98473E-05 0.000265976 9.98473E-05 0.00710701 9.98473E-05 9.98473E-05 9.98473E-05 9.98473E-05 9.98473E-05 9.98473E-05 9.98473E-05 9.98473E-05
9.98025E-05 9.98025E-05 9.98025E-05 9.98025E-05 9.98025E-05 9.98025E-05 9.98025E-05 9.98025E-05 9.98025E-05 0.997804 9.98025E-05 9.98025E-05 9.98025E-05 9.98025E-05 9.98025E-05 9.98025E-05 9.98025E-05 9.98025E-05 9.98025E-05 9.98025E-05 9.98025E-05 9.98025E-05 9.98025E-05
0.216425 9.98294E-05 9.98294E-05 9.98294E-05 9.98294E-05 9.98294E-05 9.98294E-05 9.98294E-05 9.98294E-05 9.98294E-05 9.98294E-05 9.98294E-05 9.98294E-05 0.203428 0.554788 9.98294E-05 0.0234622 9.98294E-05 9.98294E-05 9.98294E-05 9.98294E-05 9.98294E-05 9.98294E-05
0.982039 0.00140842 0.00174181 9.98563E-05 9.98563E-05 0.00583133 9.98563E-05 9.98563E-05 9.98563E-05 0.000356747 9.98563E-05 9.98563E-05 0.00019152 9.98563E-05 0.00683329 9.98563E-05 9.98563E-05 9.98563E-05 9.98563E-05 9.98563E-05 9.98563E-05 9.98563E-05 9.98563E-05
0.979068 0.000386743 0.00347848 9.98562E-05 9.98562E-05 0.00515405 9.98562E-05 9.98562E-05 9.98562E-05 0.0012627 9.98562E-05 9.98562E-05 0.000671381 9.98562E-05 0.00838122 9.98562E-05 9.98562E-05 9.98562E-05 9.98562E-05 9.98562E-05 9.98562E-05 9.98562E-05 9.98562E-05
0.861942 9.98473E-05 9.98473E-05 9.98473E-05 9.98473E-05 9.98473E-05 9.98473E-05 0.0113259 9.98473E-05 0.00185384 9.98473E-05 9.98473E-05 9.98473E-05 9.98473E-05 0.000157241 9.98473E-05 9.98473E-05 9.98473E-05 0.034581 9.98473E-05 9.98473E-05 0.0884423 9.98473E-05
0.990537 9.98294E-05 0.000901241 9.98294E-05 9.98294E-05 0.00297324 9.98294E-05 9.98294E-05 9.98294E-05 9.98294E-05 9.98294E-05 9.98294E-05 9.98294E-05 9.98294E-05 0.00369137 9.98294E-05 9.98294E-05 9.98294E-05 9.98294E-05 9.98294E-05 9.98294E-05 9.98294E-05 9.98294E-05
0.986175 9.98294E-05 0.00203722 9.98294E-05 9.98294E-05 0.00407647 9.98294E-05 9.98294E-05 9.98294E-05 9.98294E-05 9.98294E-05 9.98294E-05 9.98294E-05 9.98294E-05 0.005815 9.98294E-05 9.98294E-05 9.98294E-05 9.98294E-05 9.98294E-05 9.98294E-05 9.98294E-05 9.98294E-05
0.982838 0.000450315 0.000662923 9.98652E-05 9.98652E-05 0.00454601 9.98652E-05 9.98652E-05 9.98652E-05 0.000494834 9.98652E-05 9.98652E-05 0.00026386 9.98652E-05 0.00714221 9.98652E-05 9.98652E-05 9.98652E-05 9.98652E-05 9.98652E-05 9.98652E-05 9.98652E-05 0.00210346
0.533866 9.98204E-05 9.98204E-05 9.98204E-05 9.98204E-05 9.98204E-05 9.98204E-05 9.98204E-05 9.98204E-05 9.98204E-05 9.98204E-05 0.000912301 9.98204E-05 0.463225 9.98204E-05 9.98204E-05 9.98204E-05 9.98204E-05 9.98204E-05 9.98204E-05 9.98204E-05 9.98204E-05 9.98204E-05
0.222407 9.98294E-05 9.98294E-05 9.98294E-05 9.98294E-05 9.98294E-05 9.98294E-05 9.98294E-05 9.98294E-05 9.98294E-05 9.98294E-05 9.98294E-05 9.98294E-05 0.205207 0.546262 9.98294E-05 0.0242274 9.98294E-05 9.98294E-05 9.98294E-05 9.98294E-05 9.98294E-05 9.98294E-05
0.9778 9.98473E-05 9.98473E-05 9.98473E-05 9.98473E-05 0.000166202 9.98473E-05 9.98473E-05 9.98473E-05 0.000419649 9.98473E-05 9.98473E-05 0.000228314 9.98473E-05 0.00718188 9.98473E-05 9.98473E-05 9.98473E-05 9.98473E-05 9.98473E-05 9.98473E-05 9.98473E-05 0.0125067
0.982932 9.98473E-05 0.00282573 9.98473E-05 9.98473E-05 0.00468172 9.98473E-05 9.98473E-05 9.98473E-05 0.000489796 9.98473E-05 9.98473E-05 0.000265976 9.98473E-05 0.00710701 9.98473E-05 9.98473E-05 9.98473E-05 9.98473E-05 9.98473E-05 9.98473E-05 9.98473E-05 9.98473E-05
0.00615226 9.98293E-05 9.98293E-05 9.98293E-05 9.98293E-05 9.98293E-05 9.98293E-05 9.98293E-05 9.98293E-05 9.98293E-05 9.98293E-05 0.930176 9.98293E-05 0.0543559 0.00741908 9.98293E-05 9.98293E-05 9.98293E-05 9.98293E-05 9.98293E-05 9.98293E-05 9.98293E-05 9.98293E-05
9.98025E-05 9.98025E-05 0.997804 9.98025E-05 9.98025E-05 9.98025E-05 9.98025E-05 9.98025E-05 9.98025E-05 9.98025E-05 9.98025E-05 9.98025E-05 9.98025E-05 9.98025E-05 9.98025E-05 9.98025E-05 9.98025E-05 9.98025E-05 9.98025E-05 9.98025E-05 9.98025E-05 9.98025E-05 9.98025E-05
9.98294E-05 9.98294E-05 0.387632 9.98294E-05 0.257781 9.98294E-05 9.98294E-05 9.98294E-05 9.98294E-05 9.98294E-05 9.98294E-05 9.98294E-05 9.98294E-05 9.98294E-05 9.98294E-05 0.00239504 9.98294E-05 9.98294E-05 9.98294E-05 9.98294E-05 9.98294E-05 9.98294E-05 0.350295
0.907961 9.98204E-05 9.98204E-05 9.98204E-05 9.98204E-05 9.98204E-05 9.98204E-05 9.98204E-05 9.98204E-05 9.98204E-05 9.98204E-05 9.98204E-05 9.98204E-05 9.98204E-05 0.000387528 9.98204E-05 9.98204E-05 9.98204E-05 0.0896549 9.98204E-05 9.98204E-05 9.98204E-05 9.98204E-05
9.98473E-05 9.98473E-05 0.740789 9.98473E-05 0.00150982 9.98473E-05 0.249894 9.98473E-05 9.98473E-05 9.98473E-05 9.98473E-05 9.98473E-05 9.98473E-05 9.98473E-05 9.98473E-05 0.00163134 9.98473E-05 9.98473E-05 9.98473E-05 9.98473E-05 9.98473E-05 0.00334088 0.00113774
0.983349 9.98473E-05 0.00127485 9.98473E-05 9.98473E-05 0.00822222 0.000500948 9.98473E-05 9.98473E-05 0.00040877 9.98473E-05 9.98473E-05 9.98473E-05 9.98473E-05 0.00454718 9.98473E-05 9.98473E-05 9.98473E-05 9.98473E-05 9.98473E-05 9.98473E-05 9.98473E-05 9.98473E-05
0.00168928 9.98294E-05 0.991883 9.98294E-05 0.000508441 0.00402227 9.98294E-05 9.98294E-05 9.98294E-05 9.98294E-05 9.98294E-05 9.98294E-05 9.98294E-05 9.98294E-05 9.98294E-05 9.98294E-05 9.98294E-05 9.98294E-05 9.98294E-05 9.98294E-05 9.98294E-05 9.98294E-05 9.98294E-05
0.062265 9.98473E-05 9.98473E-05 9.98473E-05 9.98473E-05 9.98473E-05 9.98473E-05 9.98473E-05 9.98473E-05 9.98473E-05 9.98473E-05 9.98473E-05 0.015213 0.18021 0.602922 9.98473E-05 0.022175 9.98473E-05 9.98473E-05 9.98473E-05 9.98473E-05 0.115518 9.98473E-05
0.981815 9.98473E-05 0.00497748 9.98473E-05 9.98473E-05 0.00363778 9.98473E-05 9.98473E-05 9.98473E-05 0.000490871 9.98473E-05 9.98473E-05 0.000267657 9.98473E-05 0.00711413 9.98473E-05 9.98473E-05 9.98473E-05 9.98473E-05 9.98473E-05 9.98473E-05 9.98473E-05 9.98473E-05
0.979068 0.000386743 0.00347848 9.98562E-05 9.98562E-05 0.00515405 9.98562E-05 9.98562E-05 9.98562E-05 0.0012627 9.98562E-05 9.98562E-05 0.000671381 9.98562E-05 0.00838122 9.98562E-05 9.98562E-05 9.98562E-05 9.98562E-05 9.98562E-05 9.98562E-05 9.98562E-05 9.98562E-05
0.078665 9.98204E-05 9.98204E-05 9.98204E-05 9.98204E-05 9.98204E-05 9.98204E-05 9.98204E-05 0.887348 0.0319907 9.98204E-05 9.98204E-05 9.98204E-05 9.98204E-05 9.98204E-05 9.98204E-05 9.98204E-05 9.98204E-05 9.98204E-05 9.98204E-05 9.98204E-05 9.98204E-05 9.98204E-05
9.98204E-05 9.98204E-05 9.98204E-05 9.98204E-05 9.98204E-05 9.98204E-05 9.98204E-05 9.98204E-05 0.0132837 0.0294957 9.98204E-05 0.955224 9.98204E-05 9.98204E-05 9.98204E-05 9.98204E-05 9.98204E-05 9.98204E-05 9.98204E-05 9.98204E-05 9.98204E-05 9.98204E-05 9.98204E-05
0.257749 9.98383E-05 9.98383E-05 9.98383E-05 9.98383E-05 9.98383E-05 9.98383E-05 9.98383E-05 9.98383E-05 9.98383E-05 9.98383E-05 0.00485867 9.98383E-05 0.199233 0.508234 9.98383E-05 0.0281275 9.98383E-05 9.98383E-05 9.98383E-05 9.98383E-05 9.98383E-05 9.98383E-05
0.979068 0.000386743 0.00347848 9.98562E-05 9.98562E-05 0.00515405 9.98562E-05 9.98562E-05 9.98562E-05 0.0012627 9.98562E-05 9.98562E-05 0.000671381 9.98562E-05 0.00838122 9.98562E-05 9.98562E-05 9.98562E-05 9.98562E-05 9.98562E-05 9.98562E-05 9.98562E-05 9.98562E-05
0.0261812 9.98383E-05 9.98383E-05 9.98383E-05 9.98383E-05 9.98383E-05 0.00187488 9.98383E-05 9.98383E-05 9.98383E-05 9.98383E-05 0.0134953 9.98383E-05 0.924739 0.0319124 9.98383E-05 9.98383E-05 9.98383E-05 9.98383E-05 9.98383E-05 9.98383E-05 9.98383E-05 9.98383E-05
0.979068 0.000386743 0.00347848 9.98562E-05 9.98562E-05 0.00515405 9.98562E-05 9.98562E-05 9.98562E-05 0.0012627 9.98562E-05 9.98562E-05 0.000671381 9.98562E-05 0.00838122 9.98562E-05 9.98562E-05 9.98562E-05 9.98562E-05 9.98562E-05 9.98562E-05 9.98562E-05 9.98562E-05
9.98921E-05 0.0014667 0.937354 9.98921E-05 0.00653666 0.00579452 0.00149995 9.98921E-05 9.98921E-05 9.98921E-05 9.98921E-05 9.98921E-05 9.98921E-05 9.98921E-05 0.0220732 0.00526414 9.98921E-05 0.0016464 9.98921E-05 0.00339195 9.98921E-05 0.0053095 0.00846419
0.989487 0.00487988 9.98294E-05 9.98294E-05 9.98294E-05 0.00061469 9.98294E-05 9.98294E-05 9.98294E-05 9.98294E-05 9.98294E-05 9.98294E-05 9.98294E-05 9.98294E-05 0.00312161 9.98294E-05 9.98294E-05 9.98294E-05 9.98294E-05 9.98294E-05 9.98294E-05 9.98294E-05 9.98294E-05
0.982932 9.98473E-05 0.00282573 9.98473E-05 9.98473E-05 0.00468172 9.98473E-05 9.98473E-05 9.98473E-05 0.000489796 9.98473E-05 9.98473E-05 0.000265976 9.98473E-05 0.00710701 9.98473E-05 9.98473E-05 9.98473E-05 9.98473E-05 9.98473E-05 9.98473E-05 9.98473E-05 9.98473E-05
9.98204E-05 9.98204E-05 0.242354 9.98204E-05 9.98204E-05 9.98204E-05 9.98204E-05 9.98204E-05 9.98204E-05 9.98204E-05 9.98204E-05 0.753859 9.98204E-05 0.00179004 9.98204E-05 9.98204E-05 9.98204E-05 9.98204E-05 9.98204E-05 9.98204E-05 9.98204E-05 9.98204E-05 9.98204E-05
0.244399 9.98383E-05 9.98383E-05 9.98383E-05 9.98383E-05 9.98383E-05 0.00394549 9.98383E-05 9.98383E-05 9.98383E-05 9.98383E-05 9.98383E-05 9.98383E-05 0.309272 0.415126 9.98383E-05 0.0254605 9.98383E-05 9.98383E-05 9.98383E-05 9.98383E-05 9.98383E-05 9.98383E-05
0.989008 9.98294E-05 0.00125325 9.98294E-05 9.98294E-05 0.000235575 9.98294E-05 9.98294E-05 9.98294E-05 9.98294E-05 9.98294E-05 9.98294E-05 9.98294E-05 0.0076066 9.98294E-05 9.98294E-05 9.98294E-05 9.98294E-05 9.98294E-05 9.98294E-05 9.98294E-05 9.98294E-05 9.98294E-05
9.98383E-05 9.98383E-05 0.321381 9.98383E-05 0.155697 0.0035748 9.98383E-05 9.98383E-05 9.98383E-05 9.98383E-05 9.98383E-05 9.98383E-05 9.98383E-05 9.98383E-05 9.98383E-05 0.00345149 9.98383E-05 9.98383E-05 9.98383E-05 9.98383E-05 9.98383E-05 9.98383E-05 0.514099
9.98025E-05 9.98025E-05 0.997804 9.98025E-05 9.98025E-05 9.98025E-05 9.98025E-05 9.98025E-05 9.98025E-05 9.98025E-05 9.98025E-05 9.98025E-05 9.98025E-05 9.98025E-05 9.98025E-05 9.98025E-05 9.98025E-05 9.98025E-05 9.98025E-05 9.98025E-05 9.98025E-05 9.98025E-05 9.98025E-05
9.98025E-05 9.98025E-05 0.997804 9.98025E-05 9.98025E-05 9.98025E-05 9.98025E-05 9.98025E-05 9.98025E-05 9.98025E-05 9.98025E-05 9.98025E-05 9.98025E-05 9.98025E-05 9.98025E-05 9.98025E-05 9.98025E-05 9.98025E-05 9.98025E-05 9.98025E-05 9.98025E-05 9.98025E-05 9.98025E-05
0.924179 9.98204E-05 9.98204E-05 9.98204E-05 9.98204E-05 9.98204E-05 9.98204E-05 0.0642157 9.98204E-05 9.98204E-05 9.98204E-05 9.98204E-05 9.98204E-05 9.98204E-05 0.00960925 9.98204E-05 9.98204E-05 9.98204E-05 9.98204E-05 9.98204E-05 9.98204E-05 9.98204E-05 9.98204E-05
0.979068 0.000386743 0.00347848 9.98562E-05 9.98562E-05 0.00515405 9.98562E-05 9.98562E-05 9.98562E-05 0.0012627 9.98562E-05 9.98562E-05 0.000671381 9.98562E-05 0.00838122 9.98562E-05 9.98562E-05 9.98562E-05 9.98562E-05 9.98562E-05 9.98562E-05 9.98562E-05 9.98562E-05
0.853873 9.98383E-05 9.98383E-05 9.98383E-05 9.98383E-05 9.98383E-05 9.98383E-05 9.98383E-05 9.98383E-05 0.00216777 9.98383E-05 9.98383E-05 0.0159595 9.98383E-05 0.013741 9.98383E-05 9.98383E-05 9.98383E-05 9.98383E-05 9.98383E-05 9.98383E-05 0.112461 9.98383E-05
0.979068 0.000386743 0.00347848 9.98562E-05 9.98562E-05 0.00515405 9.98562E-05 9.98562E-05 9.98562E-05 0.0012627 9.98562E-05 9.98562E-05 0.000671381 9.98562E-05 0.00838122 9.98562E-05 9.98562E-05 9.98562E-05 9.98562E-05 9.98562E-05 9.98562E-05 9.98562E-05 9.98562E-05
0.248639 9.98383E-05 9.98383E-05 9.98383E-05 9.98383E-05 9.98383E-05 0.00400563 9.98383E-05 9.98383E-05 9.98383E-05 9.98383E-05 9.98383E-05 9.98383E-05 0.295409 0.42417 9.98383E-05 0.0259793 9.98383E-05 9.98383E-05 9.98383E-05 9.98383E-05 9.98383E-05 9.98383E-05
9.98294E-05 0.0575952 9.98294E-05 9.98294E-05 9.98294E-05 9.98294E-05 9.98294E-05 9.98294E-05 9.98294E-05 9.98294E-05 9.98294E-05 0.00672797 9.98294E-05 0.921848 0.0119324 9.98294E-05 9.98294E-05 9.98294E-05 9.98294E-05 9.98294E-05 9.98294E-05 9.98294E-05 9.98294E-05
0.986089 9.98383E-05 0.000830291 9.98383E-05 9.98383E-05 0.00407571 9.98383E-05 9.98383E-05 9.98383E-05 9.98383E-05 9.98383E-05 9.98383E-05 9.98383E-05 9.98383E-05 0.005861 9.98383E-05 9.98383E-05 9.98383E-05 9.98383E-05 9.98383E-05 9.98383E-05 0.00134677 9.98383E-05
0.864824 9.98294E-05 9.98294E-05 0.115097 9.98294E-05 9.98294E-05 9.98294E-05 9.98294E-05 0.00480969 9.98294E-05 9.98294E-05 0.0133728 9.98294E-05 9.98294E-05 9.98294E-05 9.98294E-05 9.98294E-05 9.98294E-05 9.98294E-05 9.98294E-05 9.98294E-05 9.98294E-05 9.98294E-05
0.986124 9.98294E-05 0.00205035 9.98294E-05 9.98294E-05 0.00408922 9.98294E-05 9.98294E-05 9.98294E-05 9.98294E-05 9.98294E-05 9.98294E-05 9.98294E-05 9.98294E-05 0.00583955 9.98294E-05 9.98294E-05 9.98294E-05 9.98294E-05 9.98294E-05 9.98294E-05 9.98294E-05 9.98294E-05
0.192604 9.98383E-05 9.98383E-05 9.98383E-05 9.98383E-05 9.98383E-05 9.98383E-05 9.98383E-05 9.98383E-05 9.98383E-05 9.98383E-05 0.00209216 9.98383E-05 0.164147 0.618471 9.98383E-05 0.0208885 9.98383E-05 9.98383E-05 9.98383E-05 9.98383E-05 9.98383E-05 9.98383E-05
0.0630898 9.98383E-05 9.98383E-05 9.98383E-05 9.98383E-05 9.98383E-05 9.98383E-05 9.98383E-05 9.98383E-05 9.98383E-05 9.98383E-05 0.0406693 9.98383E-05 0.794848 0.0958142 9.98383E-05 0.00378128 9.98383E-05 9.98383E-05 9.98383E-05 9.98383E-05 9.98383E-05 9.98383E-05
0.997804 9.98025E-05 9.98025E-05 9.98025E-05 9.98025E-05 9.98025E-05 9.98025E-05 9.98025E-05 9.98025E-05 9.98025E-05 9.98025E-05 9.98025E-05 9.98025E-05 9.98025E-05 9.98025E-05 9.98025E-05 9.98025E-05 9.98025E-05 9.98025E-05 9.98025E-05 9.98025E-05 9.98025E-05 9.98025E-05
0.278946 9.98383E-05 9.98383E-05 9.98383E-05 9.98383E-05 9.98383E-05 9.98383E-05 9.98383E-05 9.98383E-05 9.98383E-05 9.98383E-05 0.00793461 9.98383E-05 0.204978 0.47632 9.98383E-05 0.0300249 9.98383E-05 9.98383E-05 9.98383E-05 9.98383E-05 9.98383E-05 9.98383E-05
0.997804 9.98026E-05 9.98026E-05 9.98026E-05 9.98026E-05 9.98026E-05 9.98026E-05 9.98026E-05 9.98026E-05 9.98026E-05 9.98026E-05 9.98026E-05 9.98026E-05 9.98026E-05 9.98026E-05 9.98026E-05 9.98026E-05 9.98026E-05 9.98026E-05 9.98026E-05 9.98026E-05 9.98026E-05 9.98026E-05
0.0094738 0.0351572 9.98383E-05 0.0035688 9.98383E-05 0.0484061 9.98383E-05 9.98383E-05 9.98383E-05 9.98383E-05 9.98383E-05 9.98383E-05 9.98383E-05 9.98383E-05 9.98383E-05 9.98383E-05 9.98383E-05 9.98383E-05 0.901597 9.98383E-05 9.98383E-05 9.98383E-05 9.98383E-05
0.563635 9.98204E-05 9.98204E-05 9.98204E-05 9.98204E-05 9.98204E-05 9.98204E-05 9.98204E-05 0.142423 0.291946 9.98204E-05 9.98204E-05 9.98204E-05 9.98204E-05 9.98204E-05 9.98204E-05 9.98204E-05 9.98204E-05 9.98204E-05 9.98204E-05 9.98204E-05 9.98204E-05 9.98204E-05
0.859402 9.98204E-05 9.98204E-05 9.98204E-05 9.98204E-05 9.98204E-05 9.98204E-05 9.98204E-05 9.98204E-05 9.98204E-05 9.98204E-05 9.98204E-05 9.98204E-05 9.98204E-05 0.00388961 0.134712 9.98204E-05 9.98204E-05 9.98204E-05 9.98204E-05 9.98204E-05 9.98204E-05 9.98204E-05
0.257749 9.98383E-05 9.98383E-05 9.98383E-05 9.98383E-05 9.98383E-05 9.98383E-05 9.98383E-05 9.98383E-05 9.98383E-05 9.98383E-05 0.00485867 9.98383E-05 0.199233 0.508234 9.98383E-05 0.0281275 9.98383E-05 9.98383E-05 9.98383E-05 9.98383E-05 9.98383E-05 9.98383E-05
9.98024E-05 9.98024E-05 9.98024E-05 9.98024E-05 9.98024E-05 9.98024E-05 9.98024E-05 9.98024E-05 9.98024E-05 9.98024E-05 9.98024E-05 9.98024E-05 9.98024E-05 9.98024E-05 9.98024E-05 9.98024E-05 9.98024E-05 9.98024E-05 9.98024E-05 9.98024E-05 9.98024E-05 0.997804 9.98024E-05
0.0469466 9.98473E-05 9.98473E-05 9.98473E-05 9.98473E-05 0.00270904 9.98473E-05 9.98473E-05 9.98473E-05 9.98473E-05 9.98473E-05 0.0303656 9.98473E-05 0.845699 0.0703426 9.98473E-05 0.00223927 9.98473E-05 9.98473E-05 9.98473E-05 9.98473E-05 9.98473E-05 9.98473E-05
0.00328447 9.98473E-05 0.982699 0.00529204 0.00253692 0.00360724 9.98473E-05 9.98473E-05 9.98473E-05 9.98473E-05 9.98473E-05 9.98473E-05 9.98473E-05 9.98473E-05 9.98473E-05 0.000883253 9.98473E-05 9.98473E-05 9.98473E-05 9.98473E-05 9.98473E-05 9.98473E-05 9.98473E-05
0.00787144 0.00205096 0.939895 9.98922E-05 0.0051706 0.00728615 9.98922E-05 9.98922E-05 9.98922E-05 0.00315415 9.98922E-05 9.98922E-05 9.98922E-05 9.98922E-05 9.98922E-05 0.0181717 9.98922E-05 0.000730135 9.98922E-05 0.00139709 9.98922E-05 0.00736948 0.00570429
9.98742E-05 9.98742E-05 0.576963 9.98742E-05 9.98742E-05 9.98742E-05 9.98742E-05 0.0198642 9.98742E-05 9.98742E-05 9.98742E-05 0.00480266 9.98742E-05 0.228254 9.98742E-05 0.00073076 9.98742E-05 9.98742E-05 0.0452784 0.00485911 9.98742E-05 0.117254 0.000596104
0.255125 9.98383E-05 9.98383E-05 9.98383E-05 9.98383E-05 9.98383E-05 9.98383E-05 9.98383E-05 9.98383E-05 9.98383E-05 9.98383E-05 0.00422271 9.98383E-05 0.199113 0.511905 9.98383E-05 0.027838 9.98383E-05 9.98383E-05 9.98383E-05 9.98383E-05 9.98383E-05 9.98383E-05
0.226049 9.98383E-05 9.98383E-05 9.98383E-05 9.98383E-05 0.00493901 9.98383E-05 9.98383E-05 9.98383E-05 9.98383E-05 9.98383E-05 9.98383E-05 9.98383E-05 0.366709 0.377175 9.98383E-05 0.0233307 9.98383E-05 9.98383E-05 9.98383E-05 9.98383E-05 9.98383E-05 9.98383E-05
9.98114E-05 9.98114E-05 9.98114E-05 9.98114E-05 9.98114E-05 9.98114E-05 9.98114E-05 9.98114E-05 9.98114E-05 9.98114E-05 9.98114E-05 9.98114E-05 9.98114E-05 0.90061 9.98114E-05 9.98114E-05 9.98114E-05 9.98114E-05 9.98114E-05 0.0972941 9.98114E-05 9.98114E-05 9.98114E-05
9.98293E-05 9.98293E-05 9.98293E-05 9.98293E-05 9.98293E-05 9.98293E-05 9.98293E-05 0.0235914 9.98293E-05 9.98293E-05 9.98293E-05 0.00453821 9.98293E-05 0.968826 0.00114778 9.98293E-05 9.98293E-05 9.98293E-05 9.98293E-05 9.98293E-05 9.98293E-05 9.98293E-05 9.98293E-05
9.98114E-05 9.98114E-05 9.98114E-05 9.98114E-05 9.98114E-05 9.98114E-05 9.98114E-05 9.98114E-05 9.98114E-05 9.98114E-05 9.98114E-05 9.98114E-05 9.98114E-05 9.98114E-05 9.98114E-05 9.98114E-05 9.98114E-05 0.0798523 9.98114E-05 9.98114E-05 9.98114E-05 0.918052 9.98114E-05
0.994682 9.98204E-05 9.98204E-05 9.98204E-05 9.98204E-05 0.00176657 9.98204E-05 9.98204E-05 9.98204E-05 9.98204E-05 9.98204E-05 9.98204E-05 9.98204E-05 9.98204E-05 0.00155529 9.98204E-05 9.98204E-05 9.98204E-05 9.98204E-05 9.98204E-05 9.98204E-05 9.98204E-05 9.98204E-05
9.98473E-05 9.98473E-05 0.0315315 9.98473E-05 0.00102597 9.98473E-05 9.98473E-05 0.0603561 9.98473E-05 9.98473E-05 9.98473E-05 9.98473E-05 9.98473E-05 9.98473E-05 9.98473E-05 9.98473E-05 9.98473E-05 9.98473E-05 0.812486 0.0112808 9.98473E-05 0.081622 9.98473E-05
9.98025E-05 9.98025E-05 9.98025E-05 9.98025E-05 9.98025E-05 9.98025E-05 9.98025E-05 9.98025E-05 9.98025E-05 9.98025E-05 9.98025E-05 9.98025E-05 9.98025E-05 9.98025E-05 9.98025E-05 9.98025E-05 9.98025E-05 9.98025E-05 9.98025E-05 9.98025E-05 9.98025E-05 0.997804 9.98025E-05
9.98204E-05 9.98204E-05 0.199285 9.98204E-05 9.98204E-05 9.98204E-05 9.98204E-05 9.98204E-05 9.98204E-05 0.798416 9.98204E-05 9.98204E-05 9.98204E-05 9.98204E-05 9.98204E-05 9.98204E-05 9.98204E-05 9.98204E-05 9.98204E-05 9.98204E-05 9.98204E-05 9.98204E-05 0.000303034
0.0106699 0.00589864 0.00874484 9.98383E-05 9.98383E-05 0.969683 9.98383E-05 9.98383E-05 9.98383E-05 9.98383E-05 0.00320602 9.98383E-05 9.98383E-05 9.98383E-05 9.98383E-05 9.98383E-05 9.98383E-05 9.98383E-05 9.98383E-05 9.98383E-05 9.98383E-05 9.98383E-05 9.98383E-05
9.98114E-05 9.98114E-05 0.997113 9.98114E-05 9.98114E-05 9.98114E-05 9.98114E-05 9.98114E-05 9.98114E-05 0.00079091 9.98114E-05 9.98114E-05 9.98114E-05 9.98114E-05 9.98114E-05 9.98114E-05 9.98114E-05 9.98114E-05 9.98114E-05 9.98114E-05 9.98114E-05 9.98114E-05 9.98114E-05
9.98025E-05 9.98025E-05 9.98025E-05 9.98025E-05 9.98025E-05 9.98025E-05 9.98025E-05 9.98025E-05 9.98025E-05 9.98025E-05 9.98025E-05 9.98025E-05 9.98025E-05 9.98025E-05 9.98025E-05 9.98025E-05 9.98025E-05 9.98025E-05 9.98025E-05 0.997804 9.98025E-05 9.98025E-05 9.98025E-05
9.98025E-05 9.98025E-05 9.98025E-05 9.98025E-05 9.98025E-05 9.98025E-05 9.98025E-05 9.98025E-05 9.98025E-05 9.98025E-05 9.98025E-05 9.98025E-05 9.98025E-05 9.98025E-05 9.98025E-05 9.98025E-05 9.98025E-05 9.98025E-05 0.997804 9.98025E-05 9.98025E-05 9.98025E-05 9.98025E-05
0.26498 0.182726 0.25831 0.0290645 0.000687724 0.260595 0.000624049 9.98652E-05 0.00151472 9.98652E-05 9.98652E-05 9.98652E-05 9.98652E-05 9.98652E-05 9.98652E-05 9.98652E-05 9.98652E-05 9.98652E-05 9.98652E-05 9.98652E-05 9.98652E-05 9.98652E-05 9.98652E-05
9.98204E-05 9.98204E-05 0.0672402 9.98204E-05 9.98204E-05 9.98204E-05 9.98204E-05 9.98204E-05 9.98204E-05 9.98204E-05 9.98204E-05 9.98204E-05 9.98204E-05 9.98204E-05 9.98204E-05 0.00816621 9.98204E-05 9.98204E-05 9.98204E-05 0.922597 9.98204E-05 9.98204E-05 9.98204E-05
0.844508 9.98383E-05 9.98383E-05 9.98383E-05 9.98383E-05 9.98383E-05 9.98383E-05 9.98383E-05 9.98383E-05 0.00398748 9.98383E-05 9.98383E-05 0.0167286 9.98383E-05 0.0167791 9.98383E-05 9.98383E-05 9.98383E-05 9.98383E-05 9.98383E-05 9.98383E-05 0.1162 9.98383E-05
0.273886 9.98383E-05 9.98383E-05 9.98383E-05 9.98383E-05 9.98383E-05 9.98383E-05 9.98383E-05 9.98383E-05 9.98383E-05 9.98383E-05 0.00859208 9.98383E-05 0.208429 0.477798 9.98383E-05 0.029498 9.98383E-05 9.98383E-05 9.98383E-05 9.98383E-05 9.98383E-05 9.98383E-05
0.287346 9.98383E-05 9.98383E-05 9.98383E-05 9.98383E-05 9.98383E-05 9.98383E-05 9.98383E-05 9.98383E-05 9.98383E-05 9.98383E-05 0.00992396 9.98383E-05 0.205189 0.466187 9.98383E-05 0.0295571 9.98383E-05 9.98383E-05 9.98383E-05 9.98383E-05 9.98383E-05 9.98383E-05
9.98473E-05 9.98473E-05 0.856902 9.98473E-05 0.00453506 9.98473E-05 9.98473E-05 9.98473E-05 9.98473E-05 9.98473E-05 9.98473E-05 9.98473E-05 0.127873 9.98473E-05 9.98473E-05 0.0033815 9.98473E-05 9.98473E-05 9.98473E-05 9.98473E-05 9.98473E-05 0.0029846 0.00262641
9.98293E-05 9.98293E-05 0.0305614 9.98293E-05 9.98293E-05 9.98293E-05 9.98293E-05 0.0438941 9.98293E-05 9.98293E-05 9.98293E-05 9.98293E-05 9.98293E-05 9.98293E-05 9.98293E-05 9.98293E-05 9.98293E-05 9.98293E-05 0.864215 9.98293E-05 9.98293E-05 0.0594327 9.98293E-05
9.98383E-05 9.98383E-05 0.421595 9.98383E-05 0.20624 0.00493078 9.98383E-05 9.98383E-05 9.98383E-05 9.98383E-05 9.98383E-05 9.98383E-05 9.98383E-05 9.98383E-05 9.98383E-05 0.00547161 9.98383E-05 9.98383E-05 9.98383E-05 9.98383E-05 9.98383E-05 9.98383E-05 0.359966
0.85961 9.98562E-05 9.98562E-05 9.98562E-05 9.98562E-05 9.98562E-05 9.98562E-05 0.0125376 9.98562E-05 0.000250597 9.98562E-05 9.98562E-05 0.000318456 0.00395846 9.98562E-05 9.98562E-05 9.98562E-05 9.98562E-05 0.0316219 9.98562E-05 9.98562E-05 0.0901057 9.98562E-05
9.98294E-05 0.0150282 0.0652483 9.98294E-05 0.00214589 9.98294E-05 9.98294E-05 9.98294E-05 9.98294E-05 9.98294E-05 9.98294E-05 9.98294E-05 9.98294E-05 9.98294E-05 9.98294E-05 9.98294E-05 9.98294E-05 9.98294E-05 0.915681 9.98294E-05 9.98294E-05 9.98294E-05 9.98294E-05
0.9818 9.98473E-05 9.98473E-05 9.98473E-05 9.98473E-05 0.00366443 9.98473E-05 9.98473E-05 9.98473E-05 0.000489692 9.98473E-05 9.98473E-05 0.000240949 9.98473E-05 0.00710668 9.98473E-05 9.98473E-05 9.98473E-05 9.98473E-05 0.00500118 9.98473E-05 9.98473E-05 9.98473E-05
0.0583918 9.98473E-05 9.98473E-05 9.98473E-05 9.98473E-05 9.98473E-05 9.98473E-05 9.98473E-05 9.98473E-05 0.00162188 9.98473E-05 0.037897 9.98473E-05 0.808052 0.089174 9.98473E-05 0.00316589 9.98473E-05 9.98473E-05 9.98473E-05 9.98473E-05 9.98473E-05 9.98473E-05
9.98025E-05 9.98025E-05 9.98025E-05 9.98025E-05 9.98025E-05 9.98025E-05 9.98025E-05 9.98025E-05 9.98025E-05 9.98025E-05 9.98025E-05 9.98025E-05 9.98025E-05 9.98025E-05 9.98025E-05 9.98025E-05 9.98025E-05 9.98025E-05 9.98025E-05 9.98025E-05 9.98025E-05 0.997804 9.98025E-05
0.97458 9.98473E-05 0.00273971 9.98473E-05 9.98473E-05 0.00451757 9.98473E-05 9.98473E-05 9.98473E-05 0.000357046 9.98473E-05 9.98473E-05 0.000224461 9.98473E-05 0.0158837 9.98473E-05 9.98473E-05 9.98473E-05 9.98473E-05 9.98473E-05 9.98473E-05 9.98473E-05 9.98473E-05
0.979068 0.000386743 0.00347848 9.98562E-05 9.98562E-05 0.00515405 9.98562E-05 9.98562E-05 9.98562E-05 0.0012627 9.98562E-05 9.98562E-05 0.000671381 9.98562E-05 0.00838122 9.98562E-05 9.98562E-05 9.98562E-05 9.98562E-05 9.98562E-05 9.98562E-05 9.98562E-05 9.98562E-05
0.979068 0.000386743 0.00347848 9.98562E-05 9.98562E-05 0.00515405 9.98562E-05 9.98562E-05 9.98562E-05 0.0012627 9.98562E-05 9.98562E-05 0.000671381 9.98562E-05 0.00838122 9.98562E-05 9.98562E-05 9.98562E-05 9.98562E-05 9.98562E-05 9.98562E-05 9.98562E-05 9.98562E-05
9.98025E-05 9.98025E-05 9.98025E-05 9.98025E-05 9.98025E-05 9.98025E-05 9.98025E-05 9.98025E-05 9.98025E-05 9.98025E-05 9.98025E-05 9.98025E-05 9.98025E-05 9.98025E-05 9.98025E-05 9.98025E-05 9.98025E-05 9.98025E-05 9.98025E-05 9.98025E-05 9.98025E-05 0.997804 9.98025E-05
0.985655 9.98293E-05 0.00226173 9.98293E-05 9.98293E-05 0.00413274 9.98293E-05 9.98293E-05 9.98293E-05 9.98293E-05 9.98293E-05 9.98293E-05 9.98293E-05 9.98293E-05 0.00605409 9.98293E-05 9.98293E-05 9.98293E-05 9.98293E-05 9.98293E-05 9.98293E-05 9.98293E-05 9.98293E-05
0.00703483 0.00224304 0.966598 9.98922E-05 0.00473016 0.00758982 9.98922E-05 9.98922E-05 9.98922E-05 9.98922E-05 9.98922E-05 9.98922E-05 9.98922E-05 9.98922E-05 9.98922E-05 0.00334907 9.98922E-05 0.000395868 0.000338633 0.000633186 9.98922E-05 0.00120115 0.00468793
0.00928766 0.00421924 0.945431 9.99011E-05 0.00656018 0.0101398 0.00173017 9.99011E-05 9.99011E-05 9.99011E-05 9.99011E-05 9.99011E-05 9.99011E-05 9.99011E-05 9.99011E-05 0.00527713 9.99011E-05 0.00184028 0.00094141 0.00255903 9.99011E-05 0.00246685 0.00844825
0.146337 9.98652E-05 9.98652E-05 9.98652E-05 9.98652E-05 9.98652E-05 9.98652E-05 9.98652E-05 9.98652E-05 0.00238421 9.98652E-05 0.0148824 0.0157262 0.200248 0.481738 9.98652E-05 0.0300224 9.98652E-05 9.98652E-05 9.98652E-05 9.98652E-05 0.107164 9.98652E-05
9.98025E-05 9.98025E-05 9.98025E-05 9.98025E-05 9.98025E-05 9.98025E-05 9.98025E-05 9.98025E-05 9.98025E-05 9.98025E-05 9.98025E-05 9.98025E-05 9.98025E-05 9.98025E-05 0.997804 9.98025E-05 9.98025E-05 9.98025E-05 9.98025E-05 9.98025E-05 9.98025E-05 9.98025E-05 9.98025E-05
0.0740316 0.775674 0.0696332 0.00663919 9.98383E-05 0.0722252 9.98383E-05 9.98383E-05 9.98383E-05 9.98383E-05 9.98383E-05 9.98383E-05 9.98383E-05 9.98383E-05 9.98383E-05 9.98383E-05 9.98383E-05 9.98383E-05 9.98383E-05 9.98383E-05 9.98383E-05 9.98383E-05 9.98383E-05
9.98473E-05 0.0103859 0.165597 9.98473E-05 0.00849859 9.98473E-05 0.00280689 0.0189396 9.98473E-05 9.98473E-05 9.98473E-05 9.98473E-05 9.98473E-05 9.98473E-05 9.98473E-05 9.98473E-05 9.98473E-05 9.98473E-05 0.792074 9.98473E-05 9.98473E-05 9.98473E-05 9.98473E-05
0.759039 9.98114E-05 9.98114E-05 9.98114E-05 9.98114E-05 9.98114E-05 9.98114E-05 9.98114E-05 9.98114E-05 9.98114E-05 9.98114E-05 9.98114E-05 9.98114E-05 9.98114E-05 9.98114E-05 9.98114E-05 9.98114E-05 9.98114E-05 9.98114E-05 9.98114E-05 9.98114E-05 9.98114E-05 0.238865
0.759226 9.98114E-05 9.98114E-05 9.98114E-05 9.98114E-05 9.98114E-05 9.98114E-05 9.98114E-05 9.98114E-05 9.98114E-05 9.98114E-05 9.98114E-05 9.98114E-05 9.98114E-05 9.98114E-05 9.98114E-05 9.98114E-05 9.98114E-05 9.98114E-05 9.98114E-05 9.98114E-05 9.98114E-05 0.238678
9.98025E-05 9.98025E-05 9.98025E-05 9.98025E-05 9.98025E-05 9.98025E-05 9.98025E-05 9.98025E-05 9.98025E-05 9.98025E-05 9.98025E-05 9.98025E-05 9.98025E-05 9.98025E-05 9.98025E-05 9.98025E-05 9.98025E-05 9.98025E-05 0.997804 9.98025E-05 9.98025E-05 9.98025E-05 9.98025E-05
9.98114E-05 9.98114E-05 0.0705037 9.98114E-05 9.98114E-05 9.98114E-05 9.98114E-05 9.98114E-05 9.98114E-05 9.98114E-05 9.98114E-05 9.98114E-05 9.98114E-05 9.98114E-05 9.98114E-05 9.98114E-05 9.98114E-05 9.98114E-05 0.9274 9.98114E-05 9.98114E-05 9.98114E-05 9.98114E-05
0.979068 0.000386743 0.00347848 9.98562E-05 9.98562E-05 0.00515405 9.98562E-05 9.98562E-05 9.98562E-05 0.0012627 9.98562E-05 9.98562E-05 0.000671381 9.98562E-05 0.00838122 9.98562E-05 9.98562E-05 9.98562E-05 9.98562E-05 9.98562E-05 9.98562E-05 9.98562E-05 9.98562E-05
9.98383E-05 9.98383E-05 9.98383E-05 9.98383E-05 9.98383E-05 9.98383E-05 9.98383E-05 9.98383E-05 0.122614 9.98383E-05 9.98383E-05 0.0371176 9.98383E-05 0.788158 0.0495406 9.98383E-05 0.000772999 9.98383E-05 9.98383E-05 9.98383E-05 9.98383E-05 9.98383E-05 9.98383E-05
0.979068 0.000386743 0.00347848 9.98562E-05 9.98562E-05 0.00515405 9.98562E-05 9.98562E-05 9.98562E-05 0.0012627 9.98562E-05 9.98562E-05 0.000671381 9.98562E-05 0.00838122 9.98562E-05 9.98562E-05 9.98562E-05 9.98562E-05 9.98562E-05 9.98562E-05 9.98562E-05 9.98562E-05
0.997804 9.98026E-05 9.98026E-05 9.98026E-05 9.98026E-05 9.98026E-05 9.98026E-05 9.98026E-05 9.98026E-05 9.98026E-05 9.98026E-05 9.98026E-05 9.98026E-05 9.98026E-05 9.98026E-05 9.98026E-05 9.98026E-05 9.98026E-05 9.98026E-05 9.98026E-05 9.98026E-05 9.98026E-05 9.98026E-05
0.997804 9.98026E-05 9.98026E-05 9.98026E-05 9.98026E-05 9.98026E-05 9.98026E-05 9.98026E-05 9.98026E-05 9.98026E-05 9.98026E-05 9.98026E-05 9.98026E-05 9.98026E-05 9.98026E-05 9.98026E-05 9.98026E-05 9.98026E-05 9.98026E-05 9.98026E-05 9.98026E-05 9.98026E-05 9.98026E-05
9.98115E-05 9.98115E-05 0.953465 9.98115E-05 9.98115E-05 9.98115E-05 9.98115E-05 9.98115E-05 9.98115E-05 9.98115E-05 9.98115E-05 9.98115E-05 9.98115E-05 9.98115E-05 9.98115E-05 9.98115E-05 0.0444394 9.98115E-05 9.98115E-05 9.98115E-05 9.98115E-05 9.98115E-05 9.98115E-05
9.98025E-05 9.98025E-05 0.997804 9.98025E-05 9.98025E-05 9.98025E-05 9.98025E-05 9.98025E-05 9.98025E-05 9.98025E-05 9.98025E-05 9.98025E-05 9.98025E-05 9.98025E-05 9.98025E-05 9.98025E-05 9.98025E-05 9.98025E-05 9.98025E-05 9.98025E-05 9.98025E-05 9.98025E-05 9.98025E-05
9.98473E-05 9.98473E-05 0.803444 9.98473E-05 0.00590308 9.98473E-05 9.98473E-05 0.0649857 9.98473E-05 9.98473E-05 9.98473E-05 9.98473E-05 9.98473E-05 0.000217583 9.98473E-05 9.98473E-05 9.98473E-05 9.98473E-05 0.01908 9.98473E-05 9.98473E-05 0.104672 9.98473E-05
0.995695 9.98114E-05 0.00220904 9.98114E-05 9.98114E-05 9.98114E-05 9.98114E-05 9.98114E-05 9.98114E-05 9.98114E-05 9.98114E-05 9.98114E-05 9.98114E-05 9.98114E-05 9.98114E-05 9.98114E-05 9.98114E-05 9.98114E-05 9.98114E-05 9.98114E-05 9.98114E-05 9.98114E-05 9.98114E-05
9.98114E-05 9.98114E-05 0.997418 9.98114E-05 9.98114E-05 9.98114E-05 9.98114E-05 9.98114E-05 9.98114E-05 9.98114E-05 9.98114E-05 9.98114E-05 9.98114E-05 9.98114E-05 0.000485849 9.98114E-05 9.98114E-05 9.98114E-05 9.98114E-05 9.98114E-05 9.98114E-05 9.98114E-05 9.98114E-05
0.979068 0.000386743 0.00347848 9.98562E-05 9.98562E-05 0.00515405 9.98562E-05 9.98562E-05 9.98562E-05 0.0012627 9.98562E-05 9.98562E-05 0.000671381 9.98562E-05 0.00838122 9.98562E-05 9.98562E-05 9.98562E-05 9.98562E-05 9.98562E-05 9.98562E-05 9.98562E-05 9.98562E-05
9.98025E-05 9.98025E-05 9.98025E-05 9.98025E-05 9.98025E-05 9.98025E-05 9.98025E-05 9.98025E-05 9.98025E-05 9.98025E-05 9.98025E-05 9.98025E-05 9.98025E-05 9.98025E-05 0.997804 9.98025E-05 9.98025E-05 9.98025E-05 9.98025E-05 9.98025E-05 9.98025E-05 9.98025E-05 9.98025E-05
0.00133702 9.98439E-05 0.992006 9.98439E-05 0.000985059 0.00282992 9.98439E-05 9.98439E-05 9.98439E-05 9.98439E-05 9.98439E-05 9.98439E-05 9.98439E-05 9.98439E-05 0.00104436 9.98439E-05 9.98439E-05 9.98439E-05 9.98439E-05 9.98439E-05 9.98439E-05 9.98439E-05 9.98439E-05
9.98383E-05 9.98383E-05 0.123428 9.98383E-05 0.00985558 9.98383E-05 9.98383E-05 0.183483 9.98383E-05 9.98383E-05 9.98383E-05 9.98383E-05 9.98383E-05 9.98383E-05 9.98383E-05 9.98383E-05 9.98383E-05 9.98383E-05 0.426764 9.98383E-05 9.98383E-05 0.254673 9.98383E-05
9.98652E-05 0.00361976 0.617259 9.98652E-05 0.00718036 0.00130905 9.98652E-05 0.038508 9.98652E-05 9.98652E-05 9.98652E-05 9.98652E-05 9.98652E-05 9.98652E-05 9.98652E-05 0.00133471 9.98652E-05 9.98652E-05 0.0863184 9.98652E-05 9.98652E-05 0.242973 9.98652E-05
0.00985965 0.00315294 0.953345 9.99011E-05 0.00591572 0.00888526 0.000550847 9.99011E-05 9.99011E-05 9.99011E-05 9.99011E-05 9.99011E-05 9.99011E-05 9.99011E-05 9.99011E-05 0.00454172 9.99011E-05 0.00119738 0.000674621 0.00178737 9.99011E-05 0.00195763 0.00703272
9.98473E-05 9.98473E-05 0.68043 9.98473E-05 9.98473E-05 9.98473E-05 9.98473E-05 9.98473E-05 9.98473E-05 9.98473E-05 9.98473E-05 9.98473E-05 9.98473E-05 9.98473E-05 9.98473E-05 0.000528154 0.0768634 9.98473E-05 0.208459 9.98473E-05 9.98473E-05 0.0270095 0.00501252
0.00455853 0.000632131 0.97797 9.98652E-05 0.00600213 0.00505363 9.98652E-05 9.98652E-05 9.98652E-05 9.98652E-05 9.98652E-05 9.98652E-05 9.98652E-05 9.98652E-05 9.98652E-05 0.00182354 9.98652E-05 9.98652E-05 9.98652E-05 9.98652E-05 9.98652E-05 0.000755071 0.0017073
0.00523997 0.00168684 0.978309 9.98626E-05 0.0034825 0.0057493 9.98626E-05 9.98626E-05 9.98626E-05 9.98626E-05 9.98626E-05 9.98626E-05 9.98626E-05 9.98626E-05 9.98626E-05 0.00194161 9.98626E-05 9.98626E-05 9.98626E-05 9.98626E-05 9.98626E-05 9.98626E-05 0.00199284
0.260599 0.177891 0.0954426 0.0283356 9.98742E-05 0.255811 9.98742E-05 0.0175515 0.00103966 9.98742E-05 9.98742E-05 9.98742E-05 9.98742E-05 9.98742E-05 9.98742E-05 9.98742E-05 9.98742E-05 9.98742E-05 0.0424092 9.98742E-05 9.98742E-05 0.119522 9.98742E-05
0.00861261 0.00346864 0.95377 9.99011E-05 0.00592058 0.00932982 0.000574165 9.99011E-05 9.99011E-05 9.99011E-05 9.99011E-05 9.99011E-05 9.99011E-05 9.99011E-05 9.99011E-05 0.00454973 9.99011E-05 0.00121471 0.00067892 0.00179014 9.99011E-05 0.00195517 0.00703688
9.98114E-05 9.98114E-05 9.98114E-05 9.98114E-05 9.98114E-05 9.98114E-05 9.98114E-05 9.98114E-05 9.98114E-05 9.98114E-05 9.98114E-05 9.98114E-05 9.98114E-05 9.98114E-05 0.996053 9.98114E-05 9.98114E-05 9.98114E-05 9.98114E-05 9.98114E-05 0.00185132 9.98114E-05 9.98114E-05
0.000459885 9.98294E-05 0.994233 9.98294E-05 0.00240075 0.00101002 9.98294E-05 9.98294E-05 9.98294E-05 9.98294E-05 9.98294E-05 9.98294E-05 9.98294E-05 9.98294E-05 9.98294E-05 9.98294E-05 9.98294E-05 9.98294E-05 9.98294E-05 9.98294E-05 9.98294E-05 9.98294E-05 9.98294E-05
9.98293E-05 9.98293E-05 0.816984 9.98293E-05 9.98293E-05 9.98293E-05 9.98293E-05 0.01765 9.98293E-05 9.98293E-05 9.98293E-05 9.98293E-05 9.98293E-05 9.98293E-05 9.98293E-05 9.98293E-05 9.98293E-05 9.98293E-05 0.0440291 9.98293E-05 9.98293E-05 0.11944 9.98293E-05
9.98383E-05 9.98383E-05 0.126685 9.98383E-05 0.0101165 9.98383E-05 9.98383E-05 0.184722 9.98383E-05 9.98383E-05 9.98383E-05 9.98383E-05 9.98383E-05 9.98383E-05 9.98383E-05 9.98383E-05 9.98383E-05 9.98383E-05 0.425486 9.98383E-05 9.98383E-05 0.251193 9.98383E-05
0.00451374 9.9875E-05 0.793326 9.9875E-05 0.000962847 0.00501507 9.9875E-05 0.01831 9.9875E-05 9.9875E-05 9.9875E-05 9.9875E-05 9.9875E-05 9.9875E-05 9.9875E-05 0.00349537 9.9875E-05 9.9875E-05 0.045648 9.9875E-05 9.9875E-05 0.122595 0.004736
9.98832E-05 0.11085 9.98832E-05 0.0162287 9.98832E-05 0.189805 9.98832E-05 0.015114 9.98832E-05 9.98832E-05 9.98832E-05 9.98832E-05 9.98832E-05 0.144833 0.322306 9.98832E-05 0.0179114 0.0245286 0.0422376 9.98832E-05 9.98832E-05 0.114886 9.98832E-05
9.98025E-05 9.98025E-05 9.98025E-05 9.98025E-05 9.98025E-05 9.98025E-05 9.98025E-05 9.98025E-05 9.98025E-05 9.98025E-05 9.98025E-05 9.98025E-05 9.98025E-05 9.98025E-05 0.997804 9.98025E-05 9.98025E-05 9.98025E-05 9.98025E-05 9.98025E-05 9.98025E-05 9.98025E-05 9.98025E-05
0.318399 0.177302 0.228984 0.026334 9.98384E-05 0.247184 9.98384E-05 9.98384E-05 9.98384E-05 9.98384E-05 9.98384E-05 9.98384E-05 9.98384E-05 9.98384E-05 9.98384E-05 9.98384E-05 9.98384E-05 9.98384E-05 9.98384E-05 9.98384E-05 9.98384E-05 9.98384E-05 9.98384E-05
0.00539395 0.00120066 0.976801 9.98742E-05 0.00362552 0.00584941 9.98742E-05 9.98742E-05 9.98742E-05 9.98742E-05 9.98742E-05 9.98742E-05 9.98742E-05 9.98742E-05 9.98742E-05 0.00237357 9.98742E-05 9.98742E-05 0.000105017 9.98742E-05 9.98742E-05 0.000600337 0.00265222
0.266086 0.181273 0.258399 0.0289594 0.00111776 0.259452 0.00114938 9.98742E-05 0.00189341 9.98742E-05 9.98742E-05 9.98742E-05 9.98742E-05 9.98742E-05 9.98742E-05 0.000271711 9.98742E-05 9.98742E-05 9.98742E-05 9.98742E-05 9.98742E-05 9.98742E-05 9.98742E-05
0.0139995 0.00833067 0.0120181 9.98394E-05 9.98394E-05 0.95848 9.98394E-05 9.98394E-05 9.98394E-05 9.98394E-05 0.00537436 9.98394E-05 9.98394E-05 9.98394E-05 9.98394E-05 9.98394E-05 9.98394E-05 9.98394E-05 9.98394E-05 9.98394E-05 9.98394E-05 9.98394E-05 9.98394E-05
9.98293E-05 9.98293E-05 0.4479 9.98293E-05 0.196448 9.98293E-05 9.98293E-05 9.98293E-05 9.98293E-05 9.98293E-05 9.98293E-05 9.98293E-05 9.98293E-05 9.98293E-05 9.98293E-05 0.00203381 9.98293E-05 9.98293E-05 9.98293E-05 9.98293E-05 9.98293E-05 9.98293E-05 0.351722
9.98025E-05 9.98025E-05 0.997804 9.98025E-05 9.98025E-05 9.98025E-05 9.98025E-05 9.98025E-05 9.98025E-05 9.98025E-05 9.98025E-05 9.98025E-05 9.98025E-05 9.98025E-05 9.98025E-05 9.98025E-05 9.98025E-05 9.98025E-05 9.98025E-05 9.98025E-05 9.98025E-05 9.98025E-05 9.98025E-05
0.00463938 0.00335079 0.927535 9.99011E-05 0.00444975 0.00804752 0.000559267 0.0323038 9.99011E-05 9.99011E-05 9.99011E-05 9.99011E-05 9.99011E-05 0.00380947 9.99011E-05 0.00441889 9.99011E-05 0.00130638 9.99011E-05 0.00173359 9.99011E-05 9.99011E-05 0.00674704
0.979068 0.000386743 0.00347848 9.98562E-05 9.98562E-05 0.00515405 9.98562E-05 9.98562E-05 9.98562E-05 0.0012627 9.98562E-05 9.98562E-05 0.000671381 9.98562E-05 0.00838122 9.98562E-05 9.98562E-05 9.98562E-05 9.98562E-05 9.98562E-05 9.98562E-05 9.98562E-05 9.98562E-05
9.98204E-05 9.98204E-05 0.853492 9.98204E-05 9.98204E-05 9.98204E-05 9.98204E-05 0.0662427 9.98204E-05 9.98204E-05 9.98204E-05 9.98204E-05 9.98204E-05 9.98204E-05 9.98204E-05 9.98204E-05 0.0782685 9.98204E-05 9.98204E-05 9.98204E-05 9.98204E-05 9.98204E-05 9.98204E-05
0.988224 9.98383E-05 9.98383E-05 9.98383E-05 0.00353511 0.00191661 9.98383E-05 9.98383E-05 9.98383E-05 9.98383E-05 9.98383E-05 0.00143717 9.98383E-05 9.98383E-05 0.00308998 9.98383E-05 9.98383E-05 9.98383E-05 9.98383E-05 9.98383E-05 9.98383E-05 9.98383E-05 9.98383E-05
0.0286136 9.98473E-05 9.98473E-05 9.98473E-05 9.98473E-05 0.00935462 9.98473E-05 9.98473E-05 9.98473E-05 9.98473E-05 9.98473E-05 0.0226499 9.98473E-05 0.884895 0.0522641 9.98473E-05 0.000525825 9.98473E-05 9.98473E-05 9.98473E-05 9.98473E-05 9.98473E-05 9.98473E-05
0.00307217 0.00911824 0.973263 9.98563E-05 0.00233405 9.98563E-05 9.98563E-05 9.98563E-05 9.98563E-05 9.98563E-05 9.98563E-05 9.98563E-05 9.98563E-05 9.98563E-05 9.98563E-05 0.00108963 9.98563E-05 9.98563E-05 9.98563E-05 0.00939803 9.98563E-05 9.98563E-05 0.000127035
0.00928766 0.00421924 0.945431 9.99011E-05 0.00656018 0.0101398 0.00173017 9.99011E-05 9.99011E-05 9.99011E-05 9.99011E-05 9.99011E-05 9.99011E-05 9.99011E-05 9.99011E-05 0.00527713 9.99011E-05 0.00184028 0.00094141 0.00255903 9.99011E-05 0.00246685 0.00844825
0.00246401 9.98473E-05 0.990023 9.98473E-05 0.00138541 0.00316686 9.98473E-05 9.98473E-05 9.98473E-05 9.98473E-05 9.98473E-05 9.98473E-05 9.98473E-05 9.98473E-05 0.00102685 0.000236025 9.98473E-05 9.98473E-05 9.98473E-05 9.98473E-05 9.98473E-05 9.98473E-05 9.98473E-05
