9.98383E-05 9.98383E-05 9.98383E-05 9.98383E-05 9.98383E-05 0.490212 9.98383E-05 0.259588 9.98383E-05 9.98383E-05 9.98383E-05 9.98383E-05 9.98383E-05 9.98383E-05 9.98383E-05 9.98383E-05 9.98383E-05 9.98383E-05 9.98383E-05 0.0752595 9.98383E-05 0.173144
9.98204E-05 9.98204E-05 9.98204E-05 9.98204E-05 9.98204E-05 9.98204E-05 9.98204E-05 9.98204E-05 9.98204E-05 9.98204E-05 9.98204E-05 9.98204E-05 9.98204E-05 9.98204E-05 9.98204E-05 0.942109 9.98204E-05 0.0558944 9.98204E-05 9.98204E-05 9.98204E-05 9.98204E-05
9.98742E-05 9.98742E-05 0.00762379 9.98742E-05 0.0023285 9.98742E-05 9.98742E-05 0.96542 0.00145612 0.00741885 0.00652963 9.98742E-05 0.00228713 9.98742E-05 9.98742E-05 9.98742E-05 0.0055381 9.98742E-05 9.98742E-05 9.98742E-05 9.98742E-05 9.98742E-05
9.98383E-05 9.98383E-05 9.98383E-05 9.98383E-05 9.98383E-05 9.98383E-05 9.98383E-05 9.98383E-05 9.98383E-05 9.98383E-05 0.893556 9.98383E-05 9.98383E-05 9.98383E-05 9.98383E-05 0.00679414 9.98383E-05 9.98383E-05 9.98383E-05 0.0274016 9.98383E-05 0.070451
0.00112119 0.00126916 9.98563E-05 9.98563E-05 9.98563E-05 9.98563E-05 9.98563E-05 0.00273977 9.98563E-05 9.98563E-05 0.982007 9.98563E-05 9.98563E-05 9.98563E-05 9.98563E-05 0.00754044 0.0037251 9.98563E-05 9.98563E-05 9.98563E-05 9.98563E-05 9.98563E-05
0.000731996 0.000130556 9.98563E-05 9.98563E-05 9.98563E-05 9.98563E-05 9.98563E-05 0.00190655 9.98563E-05 9.98563E-05 0.986835 9.98563E-05 9.98563E-05 9.98563E-05 9.98563E-05 0.00569567 0.00310215 9.98563E-05 9.98563E-05 9.98563E-05 9.98563E-05 9.98563E-05
9.98204E-05 9.98204E-05 9.98204E-05 0.00246836 9.98204E-05 9.98204E-05 9.98204E-05 9.98204E-05 9.98204E-05 9.98204E-05 9.98204E-05 9.98204E-05 9.98204E-05 9.98204E-05 0.995535 9.98204E-05 9.98204E-05 9.98204E-05 9.98204E-05 9.98204E-05 9.98204E-05 9.98204E-05
9.98294E-05 9.98294E-05 9.98294E-05 9.98294E-05 9.98294E-05 9.98294E-05 9.98294E-05 9.98294E-05 9.98294E-05 9.98294E-05 0.068639 9.98294E-05 9.98294E-05 9.98294E-05 9.98294E-05 0.924582 9.98294E-05 9.98294E-05 0.00488228 9.98294E-05 9.98294E-05 9.98294E-05
0.000737016 9.98473E-05 9.98473E-05 9.98473E-05 9.98473E-05 9.98473E-05 9.98473E-05 0.00190742 9.98473E-05 9.98473E-05 0.986858 9.98473E-05 9.98473E-05 9.98473E-05 9.98473E-05 0.00569641 0.00310334 9.98473E-05 9.98473E-05 9.98473E-05 9.98473E-05 9.98473E-05
0.00112119 0.00126916 9.98563E-05 9.98563E-05 9.98563E-05 9.98563E-05 9.98563E-05 0.00273977 9.98563E-05 9.98563E-05 0.982007 9.98563E-05 9.98563E-05 9.98563E-05 9.98563E-05 0.00754044 0.0037251 9.98563E-05 9.98563E-05 9.98563E-05 9.98563E-05 9.98563E-05
0.00112119 0.00126916 9.98563E-05 9.98563E-05 9.98563E-05 9.98563E-05 9.98563E-05 0.00273977 9.98563E-05 9.98563E-05 0.982007 9.98563E-05 9.98563E-05 9.98563E-05 9.98563E-05 0.00754044 0.0037251 9.98563E-05 9.98563E-05 9.98563E-05 9.98563E-05 9.98563E-05
9.98294E-05 9.98294E-05 9.98294E-05 9.98294E-05 9.98294E-05 9.98294E-05 9.98294E-05 9.98294E-05 9.98294E-05 9.98294E-05 0.9961 9.98294E-05 9.98294E-05 9.98294E-05 9.98294E-05 0.000794216 0.00120869 9.98294E-05 9.98294E-05 9.98294E-05 9.98294E-05 9.98294E-05
0.016502 9.98473E-05 9.98473E-05 0.0642151 9.98473E-05 0.0961833 9.98473E-05 9.98473E-05 9.98473E-05 9.98473E-05 0.81695 9.98473E-05 9.98473E-05 9.98473E-05 0.00445204 9.98473E-05 9.98473E-05 9.98473E-05 9.98473E-05 9.98473E-05 9.98473E-05 9.98473E-05
0.000744209 9.98563E-05 9.98563E-05 9.98563E-05 9.98563E-05 9.98563E-05 9.98563E-05 0.000202813 9.98563E-05 0.0017577 0.986878 9.98563E-05 9.98563E-05 9.98563E-05 9.98563E-05 0.00571722 0.0031028 9.98563E-05 9.98563E-05 9.98563E-05 9.98563E-05 9.98563E-05
9.98205E-05 9.98205E-05 9.98205E-05 0.0133811 9.98205E-05 9.98205E-05 9.98205E-05 9.98205E-05 9.98205E-05 9.98205E-05 0.984623 9.98205E-05 9.98205E-05 9.98205E-05 9.98205E-05 9.98205E-05 9.98205E-05 9.98205E-05 9.98205E-05 9.98205E-05 9.98205E-05 9.98205E-05
9.98294E-05 9.98294E-05 9.98294E-05 9.98294E-05 9.98294E-05 9.98294E-05 9.98294E-05 9.98294E-05 9.98294E-05 9.98294E-05 0.0729559 9.98294E-05 9.98294E-05 9.98294E-05 9.98294E-05 0.919706 9.98294E-05 9.98294E-05 0.00544092 9.98294E-05 9.98294E-05 9.98294E-05
0.000752153 9.98383E-05 9.98383E-05 9.98383E-05 9.98383E-05 9.98383E-05 9.98383E-05 9.98383E-05 9.98383E-05 0.0106696 0.981053 9.98383E-05 9.98383E-05 9.98383E-05 9.98383E-05 0.00572839 9.98383E-05 9.98383E-05 9.98383E-05 9.98383E-05 9.98383E-05 9.98383E-05
0.000731996 0.000130556 9.98563E-05 9.98563E-05 9.98563E-05 9.98563E-05 9.98563E-05 0.00190655 9.98563E-05 9.98563E-05 0.986835 9.98563E-05 9.98563E-05 9.98563E-05 9.98563E-05 0.00569567 0.00310215 9.98563E-05 9.98563E-05 9.98563E-05 9.98563E-05 9.98563E-05
9.98204E-05 9.98204E-05 9.98204E-05 9.98204E-05 9.98204E-05 9.98204E-05 9.98204E-05 9.98204E-05 9.98204E-05 9.98204E-05 9.98204E-05 9.98204E-05 9.98204E-05 0.938616 9.98204E-05 0.0593877 9.98204E-05 9.98204E-05 9.98204E-05 9.98204E-05 9.98204E-05 9.98204E-05
9.98115E-05 9.98115E-05 9.98115E-05 9.98115E-05 9.98115E-05 9.98115E-05 9.98115E-05 0.997904 9.98115E-05 9.98115E-05 9.98115E-05 9.98115E-05 9.98115E-05 9.98115E-05 9.98115E-05 9.98115E-05 9.98115E-05 9.98115E-05 9.98115E-05 9.98115E-05 9.98115E-05 9.98115E-05
9.98294E-05 9.98294E-05 9.98294E-05 0.0292299 9.98294E-05 9.98294E-05 9.98294E-05 0.417308 9.98294E-05 0.551565 9.98294E-05 9.98294E-05 9.98294E-05 9.98294E-05 9.98294E-05 9.98294E-05 9.98294E-05 9.98294E-05 9.98294E-05 9.98294E-05 9.98294E-05 9.98294E-05
9.98238E-05 9.98238E-05 9.98238E-05 9.98238E-05 9.98238E-05 9.98238E-05 9.98238E-05 9.98238E-05 9.98238E-05 9.98238E-05 0.99716 9.98238E-05 9.98238E-05 9.98238E-05 9.98238E-05 9.98238E-05 0.000843498 9.98238E-05 9.98238E-05 9.98238E-05 9.98238E-05 9.98238E-05
9.98293E-05 9.98293E-05 0.250032 9.98293E-05 9.98293E-05 9.98293E-05 9.98293E-05 0.642466 9.98293E-05 9.98293E-05 9.98293E-05 9.98293E-05 9.98293E-05 0.105605 9.98293E-05 9.98293E-05 9.98293E-05 9.98293E-05 9.98293E-05 9.98293E-05 9.98293E-05 9.98293E-05
9.98204E-05 9.98204E-05 9.98204E-05 9.98204E-05 9.98204E-05 9.98204E-05 9.98204E-05 9.98204E-05 9.98204E-05 9.98204E-05 0.985438 9.98204E-05 9.98204E-05 9.98204E-05 9.98204E-05 9.98204E-05 0.012566 9.98204E-05 9.98204E-05 9.98204E-05 9.98204E-05 9.98204E-05
9.98383E-05 9.98383E-05 9.98383E-05 9.98383E-05 0.00116143 9.98383E-05 9.98383E-05 0.990917 9.98383E-05 9.98383E-05 0.00242993 9.98383E-05 9.98383E-05 9.98383E-05 9.98383E-05 9.98383E-05 0.00369406 9.98383E-05 9.98383E-05 9.98383E-05 9.98383E-05 9.98383E-05
9.98383E-05 9.98383E-05 9.98383E-05 0.38154 9.98383E-05 0.00361288 9.98383E-05 9.98383E-05 9.98383E-05 9.98383E-05 9.98383E-05 9.98383E-05 9.98383E-05 9.98383E-05 9.98383E-05 0.610789 9.98383E-05 9.98383E-05 0.00226145 9.98383E-05 9.98383E-05 9.98383E-05
0.000730137 0.000122466 9.98563E-05 9.98563E-05 9.98563E-05 9.98563E-05 9.98563E-05 0.00401772 9.98563E-05 9.98563E-05 0.985762 9.98563E-05 9.98563E-05 9.98563E-05 9.98563E-05 0.00570011 0.00206958 9.98563E-05 9.98563E-05 9.98563E-05 9.98563E-05 9.98563E-05
0.00112119 0.00126916 9.98563E-05 9.98563E-05 9.98563E-05 9.98563E-05 9.98563E-05 0.00273977 9.98563E-05 9.98563E-05 0.982007 9.98563E-05 9.98563E-05 9.98563E-05 9.98563E-05 0.00754044 0.0037251 9.98563E-05 9.98563E-05 9.98563E-05 9.98563E-05 9.98563E-05
9.98294E-05 9.98294E-05 9.98294E-05 9.98294E-05 9.98294E-05 9.98294E-05 9.98294E-05 9.98294E-05 9.98294E-05 9.98294E-05 0.0725538 0.89171 9.98294E-05 9.98294E-05 0.0338393 9.98294E-05 9.98294E-05 9.98294E-05 9.98294E-05 9.98294E-05 9.98294E-05 9.98294E-05
9.98204E-05 9.98204E-05 9.98204E-05 9.98204E-05 9.98204E-05 9.98204E-05 0.0149418 9.98204E-05 9.98204E-05 9.98204E-05 9.98204E-05 9.98204E-05 9.98204E-05 0.983062 9.98204E-05 9.98204E-05 9.98204E-05 9.98204E-05 9.98204E-05 9.98204E-05 9.98204E-05 9.98204E-05
9.98473E-05 0.0103084 9.98473E-05 9.98473E-05 9.98473E-05 9.98473E-05 9.98473E-05 9.98473E-05 9.98473E-05 0.000413818 0.11065 9.98473E-05 9.98473E-05 9.98473E-05 9.98473E-05 0.864589 9.98473E-05 9.98473E-05 0.0123415 9.98473E-05 9.98473E-05 9.98473E-05
0.00112119 0.00126916 9.98563E-05 9.98563E-05 9.98563E-05 9.98563E-05 9.98563E-05 0.00273977 9.98563E-05 9.98563E-05 0.982007 9.98563E-05 9.98563E-05 9.98563E-05 9.98563E-05 0.00754044 0.0037251 9.98563E-05 9.98563E-05 9.98563E-05 9.98563E-05 9.98563E-05
9.98204E-05 9.98204E-05 9.98204E-05 9.98204E-05 9.98204E-05 9.98204E-05 9.98204E-05 9.98204E-05 9.98204E-05 9.98204E-05 9.98204E-05 9.98204E-05 9.98204E-05 0.115157 9.98204E-05 0.882847 9.98204E-05 9.98204E-05 9.98204E-05 9.98204E-05 9.98204E-05 9.98204E-05
0.00112119 0.00126916 9.98563E-05 9.98563E-05 9.98563E-05 9.98563E-05 9.98563E-05 0.00273977 9.98563E-05 9.98563E-05 0.982007 9.98563E-05 9.98563E-05 9.98563E-05 9.98563E-05 0.00754044 0.0037251 9.98563E-05 9.98563E-05 9.98563E-05 9.98563E-05 9.98563E-05
9.98652E-05 9.98652E-05 0.00174488 9.98652E-05 9.98652E-05 9.98652E-05 9.98652E-05 0.860839 0.0158098 0.00813773 9.98652E-05 9.98652E-05 0.002994 0.108264 9.98652E-05 9.98652E-05 9.98652E-05 9.98652E-05 9.98652E-05 9.98652E-05 9.98652E-05 0.000712823
0.000434836 9.98473E-05 9.98473E-05 9.98473E-05 9.98473E-05 9.98473E-05 9.98473E-05 0.0013006 9.98473E-05 9.98473E-05 0.989867 9.98473E-05 9.98473E-05 9.98473E-05 9.98473E-05 0.00418376 0.00251625 9.98473E-05 9.98473E-05 9.98473E-05 9.98473E-05 9.98473E-05
0.000731996 0.000130556 9.98563E-05 9.98563E-05 9.98563E-05 9.98563E-05 9.98563E-05 0.00190655 9.98563E-05 9.98563E-05 0.986835 9.98563E-05 9.98563E-05 9.98563E-05 9.98563E-05 0.00569567 0.00310215 9.98563E-05 9.98563E-05 9.98563E-05 9.98563E-05 9.98563E-05
9.98383E-05 9.98383E-05 9.98383E-05 9.98383E-05 9.98383E-05 9.98383E-05 9.98383E-05 0.239164 0.00154077 0.00361766 9.98383E-05 9.98383E-05 9.98383E-05 0.75388 9.98383E-05 9.98383E-05 9.98383E-05 9.98383E-05 9.98383E-05 9.98383E-05 9.98383E-05 9.98383E-05
9.98473E-05 9.98473E-05 0.00235783 9.98473E-05 9.98473E-05 9.98473E-05 9.98473E-05 9.98473E-05 9.98473E-05 9.98473E-05 0.120602 9.98473E-05 9.98473E-05 9.98473E-05 9.98473E-05 0.86305 0.000221903 9.98473E-05 0.0120708 9.98473E-05 9.98473E-05 9.98473E-05
9.98294E-05 0.00736495 9.98294E-05 9.98294E-05 9.98294E-05 9.98294E-05 9.98294E-05 9.98294E-05 9.98294E-05 9.98294E-05 0.986072 9.98294E-05 9.98294E-05 9.98294E-05 9.98294E-05 0.0046663 9.98294E-05 9.98294E-05 9.98294E-05 9.98294E-05 9.98294E-05 9.98294E-05
9.98294E-05 9.98294E-05 9.98294E-05 9.98294E-05 9.98294E-05 9.98294E-05 9.98294E-05 0.344119 9.98294E-05 0.651139 9.98294E-05 9.98294E-05 9.98294E-05 9.98294E-05 9.98294E-05 9.98294E-05 0.00284455 9.98294E-05 9.98294E-05 9.98294E-05 9.98294E-05 9.98294E-05
9.98204E-05 9.98204E-05 9.98204E-05 9.98204E-05 9.98204E-05 9.98204E-05 9.98204E-05 0.898225 9.98204E-05 9.98204E-05 9.98204E-05 9.98204E-05 9.98204E-05 0.0997785 9.98204E-05 9.98204E-05 9.98204E-05 9.98204E-05 9.98204E-05 9.98204E-05 9.98204E-05 9.98204E-05
9.98115E-05 9.98115E-05 9.98115E-05 9.98115E-05 9.98115E-05 9.98115E-05 9.98115E-05 0.997904 9.98115E-05 9.98115E-05 9.98115E-05 9.98115E-05 9.98115E-05 9.98115E-05 9.98115E-05 9.98115E-05 9.98115E-05 9.98115E-05 9.98115E-05 9.98115E-05 9.98115E-05 9.98115E-05
0.00112119 0.00126916 9.98563E-05 9.98563E-05 9.98563E-05 9.98563E-05 9.98563E-05 0.00273977 9.98563E-05 9.98563E-05 0.982007 9.98563E-05 9.98563E-05 9.98563E-05 9.98563E-05 0.00754044 0.0037251 9.98563E-05 9.98563E-05 9.98563E-05 9.98563E-05 9.98563E-05
9.98742E-05 9.98742E-05 9.98742E-05 9.98742E-05 9.98742E-05 9.98742E-05 9.98742E-05 0.476316 0.000848608 0.00608894 0.416367 9.98742E-05 0.00360021 9.98742E-05 0.0015939 9.98742E-05 9.98742E-05 0.093441 9.98742E-05 9.98742E-05 9.98742E-05 0.000346765
0.0149652 9.98563E-05 9.98563E-05 0.0644317 9.98563E-05 0.0953847 9.98563E-05 9.98563E-05 9.98563E-05 9.98563E-05 0.808194 9.98563E-05 9.98563E-05 9.98563E-05 0.00142819 0.013998 9.98563E-05 9.98563E-05 9.98563E-05 9.98563E-05 9.98563E-05 9.98563E-05
0.00112119 0.00126916 9.98563E-05 9.98563E-05 9.98563E-05 9.98563E-05 9.98563E-05 0.00273977 9.98563E-05 9.98563E-05 0.982007 9.98563E-05 9.98563E-05 9.98563E-05 9.98563E-05 0.00754044 0.0037251 9.98563E-05 9.98563E-05 9.98563E-05 9.98563E-05 9.98563E-05
9.98294E-05 9.98294E-05 9.98294E-05 9.98294E-05 9.98294E-05 9.98294E-05 9.98294E-05 9.98294E-05 9.98294E-05 9.98294E-05 9.98294E-05 9.98294E-05 9.98294E-05 9.98294E-05 9.98294E-05 0.633514 0.360368 9.98294E-05 0.00422104 9.98294E-05 9.98294E-05 9.98294E-05
9.98204E-05 9.98204E-05 9.98204E-05 9.98204E-05 9.98204E-05 9.98204E-05 9.98204E-05 9.98204E-05 9.98204E-05 9.98204E-05 9.98204E-05 9.98204E-05 9.98204E-05 0.113707 9.98204E-05 0.884296 9.98204E-05 9.98204E-05 9.98204E-05 9.98204E-05 9.98204E-05 9.98204E-05
9.98473E-05 9.98473E-05 9.98473E-05 9.98473E-05 9.98473E-05 0.0989394 9.98473E-05 9.98473E-05 9.98473E-05 9.98473E-05 0.855272 0.00598425 9.98473E-05 9.98473E-05 9.98473E-05 9.98473E-05 9.98473E-05 9.98473E-05 9.98473E-05 0.00657663 9.98473E-05 0.0315305
9.98294E-05 9.98294E-05 9.98294E-05 9.98294E-05 9.98294E-05 9.98294E-05 0.115507 9.98294E-05 9.98294E-05 9.98294E-05 0.870557 9.98294E-05 9.98294E-05 0.012039 9.98294E-05 9.98294E-05 9.98294E-05 9.98294E-05 9.98294E-05 9.98294E-05 9.98294E-05 9.98294E-05
0.00684727 9.98563E-05 9.98563E-05 9.98563E-05 9.98563E-05 9.98563E-05 9.98563E-05 9.98563E-05 9.98563E-05 9.98563E-05 0.891854 9.98563E-05 9.98563E-05 0.000305002 9.98563E-05 0.000190081 9.98563E-05 9.98563E-05 9.98563E-05 0.0268852 9.98563E-05 0.0723211
9.98293E-05 9.98293E-05 9.98293E-05 9.98293E-05 9.98293E-05 9.98293E-05 9.98293E-05 9.98293E-05 9.98293E-05 9.98293E-05 0.0360223 9.98293E-05 9.98293E-05 9.98293E-05 9.98293E-05 0.959304 9.98293E-05 9.98293E-05 0.00277732 9.98293E-05 9.98293E-05 9.98293E-05
9.98204E-05 9.98204E-05 9.98204E-05 9.98204E-05 9.98204E-05 9.98204E-05 9.98204E-05 9.98204E-05 9.98204E-05 9.98204E-05 9.98204E-05 9.98204E-05 9.98204E-05 0.122751 9.98204E-05 0.875253 9.98204E-05 9.98204E-05 9.98204E-05 9.98204E-05 9.98204E-05 9.98204E-05
9.98115E-05 9.98115E-05 9.98115E-05 9.98115E-05 9.98115E-05 9.98115E-05 9.98115E-05 9.98115E-05 9.98115E-05 9.98115E-05 0.997904 9.98115E-05 9.98115E-05 9.98115E-05 9.98115E-05 9.98115E-05 9.98115E-05 9.98115E-05 9.98115E-05 9.98115E-05 9.98115E-05 9.98115E-05
9.98473E-05 0.0105779 9.98473E-05 9.98473E-05 9.98473E-05 9.98473E-05 9.98473E-05 9.98473E-05 9.98473E-05 0.00126524 0.134627 9.98473E-05 9.98473E-05 9.98473E-05 9.98473E-05 0.836581 9.98473E-05 9.98473E-05 0.0152511 9.98473E-05 9.98473E-05 9.98473E-05
9.98205E-05 9.98205E-05 9.98205E-05 9.98205E-05 9.98205E-05 9.98205E-05 9.98205E-05 9.98205E-05 9.98205E-05 9.98205E-05 0.866894 9.98205E-05 9.98205E-05 0.131109 9.98205E-05 9.98205E-05 9.98205E-05 9.98205E-05 9.98205E-05 9.98205E-05 9.98205E-05 9.98205E-05
9.98294E-05 9.98294E-05 9.98294E-05 9.98294E-05 9.98294E-05 9.98294E-05 9.98294E-05 9.98294E-05 9.98294E-05 9.98294E-05 9.98294E-05 9.98294E-05 9.98294E-05 9.98294E-05 9.98294E-05 9.98294E-05 9.98294E-05 9.98294E-05 0.0799656 0.0700019 9.98294E-05 0.848136
0.00017643 9.98473E-05 9.98473E-05 9.98473E-05 9.98473E-05 9.98473E-05 9.98473E-05 0.00078168 9.98473E-05 9.98473E-05 0.99244 9.98473E-05 9.98473E-05 9.98473E-05 9.98473E-05 0.00289023 0.00201421 9.98473E-05 9.98473E-05 9.98473E-05 9.98473E-05 9.98473E-05
0.000328126 9.98293E-05 9.98293E-05 9.98293E-05 9.98293E-05 9.98293E-05 9.98293E-05 9.98293E-05 0.133596 9.98293E-05 0.864179 9.98293E-05 9.98293E-05 9.98293E-05 9.98293E-05 9.98293E-05 9.98293E-05 9.98293E-05 9.98293E-05 9.98293E-05 9.98293E-05 9.98293E-05
9.98473E-05 0.0103084 9.98473E-05 9.98473E-05 9.98473E-05 9.98473E-05 9.98473E-05 9.98473E-05 9.98473E-05 0.000413818 0.11065 9.98473E-05 9.98473E-05 9.98473E-05 9.98473E-05 0.864589 9.98473E-05 9.98473E-05 0.0123415 9.98473E-05 9.98473E-05 9.98473E-05
9.98204E-05 9.98204E-05 9.98204E-05 9.98204E-05 9.98204E-05 0.943852 9.98204E-05 9.98204E-05 0.0541518 9.98204E-05 9.98204E-05 9.98204E-05 9.98204E-05 9.98204E-05 9.98204E-05 9.98204E-05 9.98204E-05 9.98204E-05 9.98204E-05 9.98204E-05 9.98204E-05 9.98204E-05
9.98204E-05 9.98204E-05 9.98204E-05 9.98204E-05 9.98204E-05 9.98204E-05 9.98204E-05 9.98204E-05 9.98204E-05 9.98204E-05 9.98204E-05 9.98204E-05 9.98204E-05 0.121099 9.98204E-05 0.876904 9.98204E-05 9.98204E-05 9.98204E-05 9.98204E-05 9.98204E-05 9.98204E-05
9.98473E-05 9.98473E-05 9.98473E-05 9.98473E-05 0.000342314 9.98473E-05 0.00501565 0.984764 9.98473E-05 9.98473E-05 0.00471502 9.98473E-05 9.98473E-05 9.98473E-05 9.98473E-05 9.98473E-05 0.00346575 9.98473E-05 9.98473E-05 9.98473E-05 9.98473E-05 9.98473E-05
9.98921E-05 9.98921E-05 0.0040399 9.98921E-05 0.00605684 0.00157103 9.98921E-05 0.94507 0.0051695 0.0104751 0.0114512 9.98921E-05 0.00359201 9.98921E-05 9.98921E-05 9.98921E-05 0.0104069 9.98921E-05 9.98921E-05 9.98921E-05 9.98921E-05 0.000969077
9.98562E-05 9.98562E-05 9.98562E-05 9.98562E-05 9.98562E-05 0.121557 9.98562E-05 0.798847 0.00122826 9.98562E-05 9.98562E-05 9.98562E-05 9.98562E-05 9.98562E-05 9.98562E-05 9.98562E-05 0.0125692 9.98562E-05 9.98562E-05 0.0182774 9.98562E-05 0.0459241
9.98438E-05 0.00996624 9.98438E-05 9.98438E-05 9.98438E-05 9.98438E-05 9.98438E-05 9.98438E-05 9.98438E-05 9.98438E-05 0.107164 9.98438E-05 9.98438E-05 9.98438E-05 9.98438E-05 0.869313 9.98438E-05 9.98438E-05 0.0117591 9.98438E-05 9.98438E-05 9.98438E-05
9.98383E-05 9.98383E-05 9.98383E-05 9.98383E-05 9.98383E-05 9.98383E-05 9.98383E-05 9.98383E-05 9.98383E-05 9.98383E-05 0.0984447 9.98383E-05 9.98383E-05 9.98383E-05 9.98383E-05 0.878938 0.0104225 9.98383E-05 0.0103974 9.98383E-05 9.98383E-05 9.98383E-05
9.98204E-05 9.98204E-05 9.98204E-05 9.98204E-05 9.98204E-05 9.98204E-05 9.98204E-05 9.98204E-05 9.98204E-05 9.98204E-05 9.98204E-05 9.98204E-05 9.98204E-05 0.11376 9.98204E-05 0.884244 9.98204E-05 9.98204E-05 9.98204E-05 9.98204E-05 9.98204E-05 9.98204E-05
9.98652E-05 9.98652E-05 9.98652E-05 9.98652E-05 0.0885149 9.98652E-05 0.0107935 0.123347 9.98652E-05 9.98652E-05 9.98652E-05 9.98652E-05 9.98652E-05 0.114319 9.98652E-05 0.517814 0.143269 9.98652E-05 9.98652E-05 9.98652E-05 0.000445109 9.98652E-05
9.98563E-05 9.98563E-05 0.001544 0.0074009 9.98563E-05 0.950611 9.98563E-05 0.0384366 9.98563E-05 9.98563E-05 9.98563E-05 9.98563E-05 0.000251083 0.000158628 9.98563E-05 9.98563E-05 9.98563E-05 9.98563E-05 9.98563E-05 9.98563E-05 9.98563E-05 9.98563E-05
9.98114E-05 9.98114E-05 9.98114E-05 9.98114E-05 9.98114E-05 9.98114E-05 9.98114E-05 9.98114E-05 9.98114E-05 9.98114E-05 0.997904 9.98114E-05 9.98114E-05 9.98114E-05 9.98114E-05 9.98114E-05 9.98114E-05 9.98114E-05 9.98114E-05 9.98114E-05 9.98114E-05 9.98114E-05
9.98473E-05 9.98473E-05 9.98473E-05 9.98473E-05 9.98473E-05 0.0860831 9.98473E-05 0.0255457 9.98473E-05 9.98473E-05 9.98473E-05 9.98473E-05 0.0110896 9.98473E-05 9.98473E-05 9.98473E-05 9.98473E-05 9.98473E-05 9.98473E-05 0.0599405 9.98473E-05 0.815644
9.98114E-05 9.98114E-05 9.98114E-05 9.98114E-05 9.98114E-05 0.997904 9.98114E-05 9.98114E-05 9.98114E-05 9.98114E-05 9.98114E-05 9.98114E-05 9.98114E-05 9.98114E-05 9.98114E-05 9.98114E-05 9.98114E-05 9.98114E-05 9.98114E-05 9.98114E-05 9.98114E-05 9.98114E-05
9.98293E-05 9.98293E-05 0.00886156 9.98293E-05 9.98293E-05 9.98293E-05 9.98293E-05 0.178213 9.98293E-05 9.98293E-05 9.98293E-05 9.98293E-05 9.98293E-05 9.98293E-05 0.811028 9.98293E-05 9.98293E-05 9.98293E-05 9.98293E-05 9.98293E-05 9.98293E-05 9.98293E-05
9.98473E-05 9.98473E-05 9.98473E-05 9.98473E-05 0.00598422 9.98473E-05 9.98473E-05 0.00776642 9.98473E-05 9.98473E-05 0.0102933 9.98473E-05 9.98473E-05 9.98473E-05 9.98473E-05 9.98473E-05 0.971247 9.98473E-05 9.98473E-05 9.98473E-05 0.00301151 9.98473E-05
9.98204E-05 9.98204E-05 9.98204E-05 9.98204E-05 9.98204E-05 9.98204E-05 9.98204E-05 0.893844 9.98204E-05 9.98204E-05 9.98204E-05 9.98204E-05 9.98204E-05 0.10416 9.98204E-05 9.98204E-05 9.98204E-05 9.98204E-05 9.98204E-05 9.98204E-05 9.98204E-05 9.98204E-05
9.98114E-05 9.98114E-05 9.98114E-05 9.98114E-05 9.98114E-05 9.98114E-05 9.98114E-05 9.98114E-05 9.98114E-05 9.98114E-05 9.98114E-05 9.98114E-05 0.997904 9.98114E-05 9.98114E-05 9.98114E-05 9.98114E-05 9.98114E-05 9.98114E-05 9.98114E-05 9.98114E-05 9.98114E-05
9.98114E-05 9.98114E-05 9.98114E-05 9.98114E-05 9.98114E-05 9.98114E-05 9.98114E-05 9.98114E-05 9.98114E-05 9.98114E-05 9.98114E-05 9.98114E-05 9.98114E-05 9.98114E-05 9.98114E-05 9.98114E-05 9.98114E-05 9.98114E-05 9.98114E-05 9.98114E-05 9.98114E-05 0.997904
0.000731996 0.000130556 9.98563E-05 9.98563E-05 9.98563E-05 9.98563E-05 9.98563E-05 0.00190655 9.98563E-05 9.98563E-05 0.986835 9.98563E-05 9.98563E-05 9.98563E-05 9.98563E-05 0.00569567 0.00310215 9.98563E-05 9.98563E-05 9.98563E-05 9.98563E-05 9.98563E-05
9.98294E-05 9.98294E-05 9.98294E-05 9.98294E-05 9.98294E-05 9.98294E-05 9.98294E-05 0.0662461 0.00980105 9.98294E-05 9.98294E-05 9.98294E-05 0.922056 9.98294E-05 9.98294E-05 9.98294E-05 9.98294E-05 9.98294E-05 9.98294E-05 9.98294E-05 9.98294E-05 9.98294E-05
0.0171431 9.98473E-05 9.98473E-05 0.0606948 9.98473E-05 0.0968854 9.98473E-05 9.98473E-05 9.98473E-05 9.98473E-05 0.817821 9.98473E-05 9.98473E-05 9.98473E-05 0.00575792 9.98473E-05 9.98473E-05 9.98473E-05 9.98473E-05 9.98473E-05 9.98473E-05 9.98473E-05
9.98293E-05 9.98293E-05 9.98293E-05 9.98293E-05 0.324627 9.98293E-05 9.98293E-05 9.98293E-05 9.98293E-05 9.98293E-05 9.98293E-05 9.98293E-05 9.98293E-05 9.98293E-05 9.98293E-05 0.664114 9.98293E-05 9.98293E-05 0.00936265 9.98293E-05 9.98293E-05 9.98293E-05
9.98293E-05 9.98293E-05 9.98293E-05 9.98293E-05 9.98293E-05 9.98293E-05 9.98293E-05 9.98293E-05 9.98293E-05 0.202852 9.98293E-05 9.98293E-05 9.98293E-05 9.98293E-05 9.98293E-05 0.782138 9.98293E-05 9.98293E-05 0.0131129 9.98293E-05 9.98293E-05 9.98293E-05
9.98921E-05 9.98921E-05 0.00283045 9.98921E-05 0.00498076 0.00106061 9.98921E-05 0.952246 0.00444891 0.00856539 0.0120077 9.98921E-05 0.00283086 9.98921E-05 9.98921E-05 9.98921E-05 0.00912976 9.98921E-05 9.98921E-05 9.98921E-05 9.98921E-05 0.000700541
9.98383E-05 9.98383E-05 9.98383E-05 9.98383E-05 9.98383E-05 0.0621211 9.98383E-05 0.0231593 9.98383E-05 9.98383E-05 9.98383E-05 9.98383E-05 9.98383E-05 9.98383E-05 9.98383E-05 9.98383E-05 9.98383E-05 9.98383E-05 9.98383E-05 0.0428068 9.98383E-05 0.870116
9.98563E-05 0.00045372 9.98563E-05 9.98563E-05 9.98563E-05 9.98563E-05 9.98563E-05 0.47389 0.0004097 0.518632 9.98563E-05 9.98563E-05 9.98563E-05 9.98563E-05 0.000401014 9.98563E-05 0.00461598 9.98563E-05 9.98563E-05 9.98563E-05 9.98563E-05 9.98563E-05
9.98832E-05 9.98832E-05 9.98832E-05 9.98832E-05 0.181159 9.98832E-05 0.0291955 0.259763 0.000222272 9.98832E-05 0.266693 0.000689336 9.98832E-05 9.98832E-05 9.98832E-05 9.98832E-05 0.256204 9.98832E-05 0.0013281 9.98832E-05 0.00344725 9.98832E-05
9.98383E-05 9.98383E-05 9.98383E-05 9.98383E-05 0.0111058 9.98383E-05 9.98383E-05 0.0664246 9.98383E-05 9.98383E-05 9.98383E-05 9.98383E-05 9.98383E-05 9.98383E-05 9.98383E-05 9.98383E-05 9.98383E-05 0.000719466 9.98383E-05 9.98383E-05 9.98383E-05 0.919953
0.00112119 0.00126916 9.98563E-05 9.98563E-05 9.98563E-05 9.98563E-05 9.98563E-05 0.00273977 9.98563E-05 9.98563E-05 0.982007 9.98563E-05 9.98563E-05 9.98563E-05 9.98563E-05 0.00754044 0.0037251 9.98563E-05 9.98563E-05 9.98563E-05 9.98563E-05 9.98563E-05
9.98383E-05 9.98383E-05 9.98383E-05 9.98383E-05 9.98383E-05 9.98383E-05 9.98383E-05 9.98383E-05 9.98383E-05 9.98383E-05 9.98383E-05 9.98383E-05 9.98383E-05 0.120624 9.98383E-05 0.794035 9.98383E-05 9.98383E-05 9.98383E-05 0.0232634 9.98383E-05 0.0602806
9.98114E-05 9.98114E-05 9.98114E-05 9.98114E-05 9.98114E-05 0.997904 9.98114E-05 9.98114E-05 9.98114E-05 9.98114E-05 9.98114E-05 9.98114E-05 9.98114E-05 9.98114E-05 9.98114E-05 9.98114E-05 9.98114E-05 9.98114E-05 9.98114E-05 9.98114E-05 9.98114E-05 9.98114E-05
0.00112119 0.00126916 9.98563E-05 9.98563E-05 9.98563E-05 9.98563E-05 9.98563E-05 0.00273977 9.98563E-05 9.98563E-05 0.982007 9.98563E-05 9.98563E-05 9.98563E-05 9.98563E-05 0.00754044 0.0037251 9.98563E-05 9.98563E-05 9.98563E-05 9.98563E-05 9.98563E-05
0.00112119 0.00126916 9.98563E-05 9.98563E-05 9.98563E-05 9.98563E-05 9.98563E-05 0.00273977 9.98563E-05 9.98563E-05 0.982007 9.98563E-05 9.98563E-05 9.98563E-05 9.98563E-05 0.00754044 0.0037251 9.98563E-05 9.98563E-05 9.98563E-05 9.98563E-05 9.98563E-05
9.98383E-05 9.98383E-05 9.98383E-05 9.98383E-05 9.98383E-05 9.98383E-05 9.98383E-05 9.98383E-05 9.98383E-05 9.98383E-05 0.900772 9.98383E-05 9.98383E-05 9.98383E-05 0.00309216 0.00413243 9.98383E-05 9.98383E-05 9.98383E-05 9.98383E-05 9.98383E-05 0.0902066
9.98114E-05 9.98114E-05 9.98114E-05 9.98114E-05 9.98114E-05 0.997904 9.98114E-05 9.98114E-05 9.98114E-05 9.98114E-05 9.98114E-05 9.98114E-05 9.98114E-05 9.98114E-05 9.98114E-05 9.98114E-05 9.98114E-05 9.98114E-05 9.98114E-05 9.98114E-05 9.98114E-05 9.98114E-05
0.000436156 9.98473E-05 9.98473E-05 9.98473E-05 9.98473E-05 9.98473E-05 9.98473E-05 0.00130325 9.98473E-05 9.98473E-05 0.989854 9.98473E-05 9.98473E-05 9.98473E-05 9.98473E-05 0.00419037 0.00251882 9.98473E-05 9.98473E-05 9.98473E-05 9.98473E-05 9.98473E-05
9.98921E-05 9.98921E-05 0.00282578 9.98921E-05 0.0053226 0.00105737 9.98921E-05 0.95275 0.00444748 0.00856903 0.0106728 9.98921E-05 0.00283966 9.98921E-05 9.98921E-05 9.98921E-05 0.00961159 9.98921E-05 9.98921E-05 9.98921E-05 9.98921E-05 0.00070528
9.98921E-05 9.98921E-05 0.00282578 9.98921E-05 0.0053226 0.00105737 9.98921E-05 0.95275 0.00444748 0.00856903 0.0106728 9.98921E-05 0.00283966 9.98921E-05 9.98921E-05 9.98921E-05 0.00961159 9.98921E-05 9.98921E-05 9.98921E-05 9.98921E-05 0.00070528
0.0148412 9.98652E-05 9.98652E-05 0.0643001 9.98652E-05 0.0929292 9.98652E-05 9.98652E-05 9.98652E-05 9.98652E-05 0.00478203 9.98652E-05 9.98652E-05 9.98652E-05 0.004429 0.800808 9.98652E-05 9.98652E-05 0.0164123 9.98652E-05 9.98652E-05 9.98652E-05
9.98204E-05 9.98204E-05 9.98204E-05 9.98204E-05 9.98204E-05 9.98204E-05 9.98204E-05 9.98204E-05 9.98204E-05 9.98204E-05 9.98204E-05 9.98204E-05 9.98204E-05 9.98204E-05 9.98204E-05 0.942109 9.98204E-05 0.0558944 9.98204E-05 9.98204E-05 9.98204E-05 9.98204E-05
9.98473E-05 9.98473E-05 9.98473E-05 9.98473E-05 0.775679 9.98473E-05 0.00662193 0.0699078 9.98473E-05 9.98473E-05 0.0740699 9.98473E-05 9.98473E-05 9.98473E-05 9.98473E-05 9.98473E-05 0.072024 9.98473E-05 9.98473E-05 9.98473E-05 9.98473E-05 9.98473E-05
9.98742E-05 9.98742E-05 0.0163084 9.98742E-05 0.0183929 9.98742E-05 9.98742E-05 0.142241 9.98742E-05 0.00441952 9.98742E-05 9.98742E-05 0.000495866 9.98742E-05 9.98742E-05 9.98742E-05 9.98742E-05 0.000839418 9.98742E-05 0.0194519 9.98742E-05 0.796452
9.98204E-05 9.98204E-05 9.98204E-05 9.98204E-05 9.98204E-05 9.98204E-05 9.98204E-05 9.98204E-05 9.98204E-05 0.220899 0.777104 9.98204E-05 9.98204E-05 9.98204E-05 9.98204E-05 9.98204E-05 9.98204E-05 9.98204E-05 9.98204E-05 9.98204E-05 9.98204E-05 9.98204E-05
9.98204E-05 9.98204E-05 9.98204E-05 9.98204E-05 9.98204E-05 9.98204E-05 9.98204E-05 9.98204E-05 9.98204E-05 0.220868 0.777136 9.98204E-05 9.98204E-05 9.98204E-05 9.98204E-05 9.98204E-05 9.98204E-05 9.98204E-05 9.98204E-05 9.98204E-05 9.98204E-05 9.98204E-05
9.98114E-05 9.98114E-05 9.98114E-05 9.98114E-05 9.98114E-05 9.98114E-05 9.98114E-05 9.98114E-05 9.98114E-05 9.98114E-05 9.98114E-05 9.98114E-05 9.98114E-05 9.98114E-05 9.98114E-05 9.98114E-05 9.98114E-05 9.98114E-05 9.98114E-05 9.98114E-05 9.98114E-05 0.997904
9.98204E-05 9.98204E-05 9.98204E-05 9.98204E-05 9.98204E-05 9.98204E-05 9.98204E-05 0.0607785 9.98204E-05 9.98204E-05 9.98204E-05 9.98204E-05 9.98204E-05 9.98204E-05 9.98204E-05 9.98204E-05 9.98204E-05 9.98204E-05 9.98204E-05 9.98204E-05 9.98204E-05 0.937225
0.00112119 0.00126916 9.98563E-05 9.98563E-05 9.98563E-05 9.98563E-05 9.98563E-05 0.00273977 9.98563E-05 9.98563E-05 0.982007 9.98563E-05 9.98563E-05 9.98563E-05 9.98563E-05 0.00754044 0.0037251 9.98563E-05 9.98563E-05 9.98563E-05 9.98563E-05 9.98563E-05
9.98473E-05 0.00897071 9.98473E-05 9.98473E-05 9.98473E-05 9.98473E-05 9.98473E-05 9.98473E-05 9.98473E-05 0.0212565 0.804566 9.98473E-05 9.98473E-05 0.130735 9.98473E-05 0.0327748 9.98473E-05 9.98473E-05 9.98473E-05 9.98473E-05 9.98473E-05 9.98473E-05
0.00112119 0.00126916 9.98563E-05 9.98563E-05 9.98563E-05 9.98563E-05 9.98563E-05 0.00273977 9.98563E-05 9.98563E-05 0.982007 9.98563E-05 9.98563E-05 9.98563E-05 9.98563E-05 0.00754044 0.0037251 9.98563E-05 9.98563E-05 9.98563E-05 9.98563E-05 9.98563E-05
9.98205E-05 9.98205E-05 9.98205E-05 9.98205E-05 9.98205E-05 9.98205E-05 9.98205E-05 9.98205E-05 9.98205E-05 9.98205E-05 0.868676 9.98205E-05 9.98205E-05 0.129327 9.98205E-05 9.98205E-05 9.98205E-05 9.98205E-05 9.98205E-05 9.98205E-05 9.98205E-05 9.98205E-05
9.98115E-05 9.98115E-05 9.98115E-05 9.98115E-05 9.98115E-05 9.98115E-05 9.98115E-05 9.98115E-05 9.98115E-05 9.98115E-05 0.997904 9.98115E-05 9.98115E-05 9.98115E-05 9.98115E-05 9.98115E-05 9.98115E-05 9.98115E-05 9.98115E-05 9.98115E-05 9.98115E-05 9.98115E-05
9.98204E-05 9.98204E-05 9.98204E-05 9.98204E-05 9.98204E-05 9.98204E-05 9.98204E-05 0.952229 9.98204E-05 9.98204E-05 9.98204E-05 9.98204E-05 9.98204E-05 9.98204E-05 9.98204E-05 9.98204E-05 9.98204E-05 9.98204E-05 0.0457747 9.98204E-05 9.98204E-05 9.98204E-05
9.98114E-05 9.98114E-05 9.98114E-05 9.98114E-05 9.98114E-05 9.98114E-05 9.98114E-05 0.997904 9.98114E-05 9.98114E-05 9.98114E-05 9.98114E-05 9.98114E-05 9.98114E-05 9.98114E-05 9.98114E-05 9.98114E-05 9.98114E-05 9.98114E-05 9.98114E-05 9.98114E-05 9.98114E-05
9.98204E-05 9.98204E-05 9.98204E-05 9.98204E-05 9.98204E-05 9.98204E-05 9.98204E-05 0.996819 9.98204E-05 9.98204E-05 9.98204E-05 9.98204E-05 9.98204E-05 9.98204E-05 9.98204E-05 0.00118505 9.98204E-05 9.98204E-05 9.98204E-05 9.98204E-05 9.98204E-05 9.98204E-05
9.98114E-05 9.98114E-05 9.98114E-05 9.98114E-05 9.98114E-05 9.98114E-05 9.98114E-05 9.98114E-05 9.98114E-05 9.98114E-05 0.997904 9.98114E-05 9.98114E-05 9.98114E-05 9.98114E-05 9.98114E-05 9.98114E-05 9.98114E-05 9.98114E-05 9.98114E-05 9.98114E-05 9.98114E-05
9.98114E-05 9.98114E-05 9.98114E-05 9.98114E-05 9.98114E-05 9.98114E-05 9.98114E-05 0.997904 9.98114E-05 9.98114E-05 9.98114E-05 9.98114E-05 9.98114E-05 9.98114E-05 9.98114E-05 9.98114E-05 9.98114E-05 9.98114E-05 9.98114E-05 9.98114E-05 9.98114E-05 9.98114E-05
0.00112119 0.00126916 9.98563E-05 9.98563E-05 9.98563E-05 9.98563E-05 9.98563E-05 0.00273977 9.98563E-05 9.98563E-05 0.982007 9.98563E-05 9.98563E-05 9.98563E-05 9.98563E-05 0.00754044 0.0037251 9.98563E-05 9.98563E-05 9.98563E-05 9.98563E-05 9.98563E-05
9.98204E-05 9.98204E-05 9.98204E-05 9.98204E-05 9.98204E-05 9.98204E-05 9.98204E-05 9.98204E-05 9.98204E-05 9.98204E-05 9.98204E-05 9.98204E-05 9.98204E-05 9.98204E-05 9.98204E-05 0.942627 9.98204E-05 0.0553766 9.98204E-05 9.98204E-05 9.98204E-05 9.98204E-05
9.98294E-05 9.98294E-05 9.98294E-05 9.98294E-05 9.98294E-05 9.98294E-05 9.98294E-05 0.993753 9.98294E-05 9.98294E-05 0.00268684 9.98294E-05 9.98294E-05 9.98294E-05 9.98294E-05 9.98294E-05 0.0016634 9.98294E-05 9.98294E-05 9.98294E-05 9.98294E-05 9.98294E-05
9.98383E-05 9.98383E-05 9.98383E-05 9.98383E-05 9.98383E-05 0.2609 9.98383E-05 0.127506 9.98383E-05 9.98383E-05 9.98383E-05 9.98383E-05 9.98383E-05 9.98383E-05 9.98383E-05 9.98383E-05 9.98383E-05 9.98383E-05 9.98383E-05 0.18256 9.98383E-05 0.427237
9.98652E-05 9.98652E-05 0.00428211 0.0471187 9.98652E-05 0.238903 9.98652E-05 0.581303 0.000480517 9.98652E-05 9.98652E-05 9.98652E-05 9.98652E-05 9.98652E-05 9.98652E-05 9.98652E-05 9.98652E-05 9.98652E-05 9.98652E-05 0.0420768 9.98652E-05 0.0843377
9.98742E-05 9.98742E-05 9.98742E-05 9.98742E-05 0.185268 9.98742E-05 0.0294379 0.255935 9.98742E-05 9.98742E-05 0.264864 9.98742E-05 9.98742E-05 9.98742E-05 9.98742E-05 0.00064141 0.2606 9.98742E-05 0.000415578 9.98742E-05 0.0014404 9.98742E-05
9.98383E-05 9.98383E-05 9.98383E-05 9.98383E-05 9.98383E-05 0.0253398 9.98383E-05 0.750967 9.98383E-05 9.98383E-05 9.98383E-05 9.98383E-05 9.98383E-05 9.98383E-05 9.98383E-05 9.98383E-05 0.0114535 9.98383E-05 9.98383E-05 9.98383E-05 9.98383E-05 0.210442
9.98399E-05 9.98399E-05 9.98399E-05 9.98399E-05 0.000853183 9.98399E-05 9.98399E-05 0.989862 9.98399E-05 9.98399E-05 0.00429231 9.98399E-05 9.98399E-05 9.98399E-05 9.98399E-05 9.98399E-05 0.00319548 9.98399E-05 9.98399E-05 9.98399E-05 9.98399E-05 9.98399E-05
9.98473E-05 9.98473E-05 9.98473E-05 9.98473E-05 0.00182282 9.98473E-05 9.98473E-05 0.983738 0.00092097 9.98473E-05 0.00648127 9.98473E-05 9.98473E-05 9.98473E-05 9.98473E-05 9.98473E-05 0.00533912 9.98473E-05 9.98473E-05 9.98473E-05 9.98473E-05 9.98473E-05
9.98832E-05 9.98832E-05 9.98832E-05 9.98832E-05 0.173728 0.122288 0.0265823 0.0948921 9.98832E-05 9.98832E-05 0.257148 9.98832E-05 9.98832E-05 9.98832E-05 9.98832E-05 9.98832E-05 0.263898 9.98832E-05 9.98832E-05 0.0163912 0.000921653 0.0428518
9.98922E-05 9.98922E-05 0.00159372 9.98922E-05 0.00457743 0.000536946 9.98922E-05 0.960573 0.00369279 0.00663219 0.00987923 9.98922E-05 0.00207676 9.98922E-05 9.98922E-05 9.98922E-05 0.00880066 9.98922E-05 9.98922E-05 9.98922E-05 9.98922E-05 0.000438131
9.98204E-05 9.98204E-05 9.98204E-05 9.98204E-05 9.98204E-05 9.98204E-05 9.98204E-05 9.98204E-05 9.98204E-05 9.98204E-05 9.98204E-05 9.98204E-05 9.98204E-05 9.98204E-05 9.98204E-05 0.942621 9.98204E-05 0.0553829 9.98204E-05 9.98204E-05 9.98204E-05 9.98204E-05
9.98114E-05 9.98114E-05 9.98114E-05 9.98114E-05 9.98114E-05 9.98114E-05 9.98114E-05 0.997904 9.98114E-05 9.98114E-05 9.98114E-05 9.98114E-05 9.98114E-05 9.98114E-05 9.98114E-05 9.98114E-05 9.98114E-05 9.98114E-05 9.98114E-05 9.98114E-05 9.98114E-05 9.98114E-05
9.98383E-05 9.98383E-05 9.98383E-05 9.98383E-05 9.98383E-05 0.11939 9.98383E-05 0.818525 9.98383E-05 9.98383E-05 9.98383E-05 9.98383E-05 9.98383E-05 9.98383E-05 9.98383E-05 9.98383E-05 9.98383E-05 9.98383E-05 9.98383E-05 0.0169743 9.98383E-05 0.0433136
9.98383E-05 9.98383E-05 9.98383E-05 9.98383E-05 9.98383E-05 0.373687 9.98383E-05 0.195373 9.98383E-05 9.98383E-05 9.98383E-05 9.98383E-05 9.98383E-05 9.98383E-05 9.98383E-05 9.98383E-05 9.98383E-05 9.98383E-05 9.98383E-05 0.129543 9.98383E-05 0.299599
9.98562E-05 9.98562E-05 9.98562E-05 9.98562E-05 9.98562E-05 0.122024 9.98562E-05 0.80111 0.000558292 9.98562E-05 9.98562E-05 9.98562E-05 9.98562E-05 9.98562E-05 9.98562E-05 9.98562E-05 0.0112127 9.98562E-05 9.98562E-05 0.0179617 9.98562E-05 0.0455357
9.98832E-05 9.98832E-05 9.98832E-05 9.98832E-05 0.102887 0.121338 0.021125 0.00368503 9.98832E-05 9.98832E-05 9.98832E-05 9.98832E-05 9.98832E-05 9.98832E-05 9.98832E-05 0.51504 0.165672 9.98832E-05 0.0131626 0.0155456 9.98832E-05 0.0402473
9.98204E-05 9.98204E-05 9.98204E-05 9.98204E-05 9.98204E-05 9.98204E-05 9.98204E-05 9.98204E-05 9.98204E-05 9.98204E-05 9.98204E-05 9.98204E-05 9.98204E-05 9.98204E-05 9.98204E-05 0.953926 9.98204E-05 0.0440776 9.98204E-05 9.98204E-05 9.98204E-05 9.98204E-05
9.98473E-05 0.729896 9.98473E-05 9.98473E-05 0.071174 9.98473E-05 0.0101057 0.090461 9.98473E-05 9.98473E-05 9.98473E-05 9.98473E-05 9.98473E-05 9.98473E-05 9.98473E-05 9.98473E-05 0.096666 9.98473E-05 9.98473E-05 9.98473E-05 9.98473E-05 9.98473E-05
9.98577E-05 9.98577E-05 9.98577E-05 9.98577E-05 0.00234508 9.98577E-05 9.98577E-05 0.982445 0.00149312 0.000290591 0.00649145 9.98577E-05 9.98577E-05 9.98577E-05 9.98577E-05 9.98577E-05 0.00533736 9.98577E-05 9.98577E-05 9.98577E-05 9.98577E-05 9.98577E-05
9.98652E-05 0.00727962 9.98652E-05 0.0176053 0.170711 9.98652E-05 0.0281385 0.25105 9.98652E-05 9.98652E-05 0.255979 9.98652E-05 9.98652E-05 9.98652E-05 9.98652E-05 9.98652E-05 0.267739 9.98652E-05 9.98652E-05 9.98652E-05 9.98652E-05 9.98652E-05
9.98473E-05 9.98473E-05 9.98473E-05 9.98473E-05 0.00566876 9.98473E-05 9.98473E-05 0.0073191 9.98473E-05 9.98473E-05 0.011568 9.98473E-05 9.98473E-05 9.98473E-05 9.98473E-05 9.98473E-05 0.970734 9.98473E-05 9.98473E-05 9.98473E-05 0.00301307 9.98473E-05
9.98383E-05 9.98383E-05 9.98383E-05 9.98383E-05 9.98383E-05 0.121736 9.98383E-05 0.814214 9.98383E-05 9.98383E-05 9.98383E-05 9.98383E-05 9.98383E-05 9.98383E-05 9.98383E-05 9.98383E-05 9.98383E-05 9.98383E-05 9.98383E-05 0.0176438 9.98383E-05 0.0446095
9.98114E-05 9.98114E-05 9.98114E-05 9.98114E-05 9.98114E-05 9.98114E-05 9.98114E-05 0.997904 9.98114E-05 9.98114E-05 9.98114E-05 9.98114E-05 9.98114E-05 9.98114E-05 9.98114E-05 9.98114E-05 9.98114E-05 9.98114E-05 9.98114E-05 9.98114E-05 9.98114E-05 9.98114E-05
9.98921E-05 9.98921E-05 0.0040399 9.98921E-05 0.00605684 0.00157103 9.98921E-05 0.94507 0.0051695 0.0104751 0.0114512 9.98921E-05 0.00359201 9.98921E-05 9.98921E-05 9.98921E-05 0.0104069 9.98921E-05 9.98921E-05 9.98921E-05 9.98921E-05 0.000969077
0.000919305 0.000774002 9.98562E-05 9.98562E-05 9.98562E-05 9.98562E-05 9.98562E-05 0.000801079 9.98562E-05 9.98562E-05 0.899778 9.98562E-05 9.98562E-05 9.98562E-05 9.98562E-05 9.98562E-05 0.00329927 0.0928309 9.98562E-05 9.98562E-05 9.98562E-05 9.98562E-05
9.98383E-05 9.98383E-05 9.98383E-05 9.98383E-05 9.98383E-05 0.120028 9.98383E-05 0.816829 9.98383E-05 9.98383E-05 9.98383E-05 9.98383E-05 9.98383E-05 9.98383E-05 9.98383E-05 9.98383E-05 9.98383E-05 9.98383E-05 9.98383E-05 0.017375 9.98383E-05 0.0439715
9.98383E-05 9.98383E-05 9.98383E-05 9.98383E-05 9.98383E-05 9.98383E-05 9.98383E-05 0.00072845 9.98383E-05 9.98383E-05 0.993578 9.98383E-05 9.98383E-05 0.00340152 9.98383E-05 9.98383E-05 0.000494489 9.98383E-05 9.98383E-05 9.98383E-05 9.98383E-05 9.98383E-05
9.98293E-05 9.98293E-05 9.98293E-05 9.98293E-05 9.98293E-05 9.98293E-05 9.98293E-05 9.98293E-05 9.98293E-05 9.98293E-05 9.98293E-05 9.98293E-05 9.98293E-05 0.120832 9.98293E-05 0.8752 9.98293E-05 9.98293E-05 9.98293E-05 9.98293E-05 0.0020719 9.98293E-05
9.98473E-05 0.00942691 9.98473E-05 9.98473E-05 0.00806084 9.98473E-05 9.98473E-05 0.970908 0.000235018 9.98473E-05 9.98473E-05 9.98473E-05 0.00967191 9.98473E-05 9.98473E-05 9.98473E-05 9.98473E-05 9.98473E-05 9.98473E-05 9.98473E-05 9.98473E-05 9.98473E-05
9.98921E-05 9.98921E-05 0.00282578 9.98921E-05 0.0053226 0.00105737 9.98921E-05 0.95275 0.00444748 0.00856903 0.0106728 9.98921E-05 0.00283966 9.98921E-05 9.98921E-05 9.98921E-05 0.00961159 9.98921E-05 9.98921E-05 9.98921E-05 9.98921E-05 0.00070528
9.98473E-05 9.98473E-05 9.98473E-05 9.98473E-05 0.00130638 9.98473E-05 9.98473E-05 0.992009 9.98473E-05 9.98473E-05 0.000148559 9.98473E-05 9.98473E-05 9.98473E-05 9.98473E-05 0.00298556 0.00185288 9.98473E-05 9.98473E-05 9.98473E-05 9.98473E-05 9.98473E-05
9.98114E-05 9.98114E-05 9.98114E-05 9.98114E-05 9.98114E-05 9.98114E-05 9.98114E-05 0.997904 9.98114E-05 9.98114E-05 9.98114E-05 9.98114E-05 9.98114E-05 9.98114E-05 9.98114E-05 9.98114E-05 9.98114E-05 9.98114E-05 9.98114E-05 9.98114E-05 9.98114E-05 9.98114E-05
9.98114E-05 9.98114E-05 9.98114E-05 9.98114E-05 9.98114E-05 9.98114E-05 9.98114E-05 9.98114E-05 9.98114E-05 9.98114E-05 9.98114E-05 9.98114E-05 9.98114E-05 9.98114E-05 9.98114E-05 9.98114E-05 9.98114E-05 9.98114E-05 9.98114E-05 9.98114E-05 9.98114E-05 0.997904
9.98204E-05 9.98204E-05 9.98204E-05 0.018978 9.98204E-05 9.98204E-05 9.98204E-05 9.98204E-05 9.98204E-05 9.98204E-05 9.98204E-05 9.98204E-05 9.98204E-05 9.98204E-05 9.98204E-05 9.98204E-05 9.98204E-05 9.98204E-05 9.98204E-05 9.98204E-05 9.98204E-05 0.979026
9.98473E-05 9.98473E-05 0.00474925 9.98473E-05 9.98473E-05 0.511239 9.98473E-05 0.24414 9.98473E-05 9.98473E-05 9.98473E-05 9.98473E-05 9.98473E-05 9.98473E-05 9.98473E-05 9.98473E-05 9.98473E-05 9.98473E-05 9.98473E-05 0.0714007 9.98473E-05 0.166773
9.98577E-05 9.98577E-05 9.98577E-05 9.98577E-05 0.00234508 9.98577E-05 9.98577E-05 0.982445 0.00149312 0.000290591 0.00649145 9.98577E-05 9.98577E-05 9.98577E-05 9.98577E-05 9.98577E-05 0.00533736 9.98577E-05 9.98577E-05 9.98577E-05 9.98577E-05 9.98577E-05
9.98742E-05 9.98742E-05 0.00285288 9.98742E-05 9.98742E-05 0.000733348 9.98742E-05 0.911867 0.00449145 0.00885452 9.98742E-05 9.98742E-05 0.00299746 9.98742E-05 9.98742E-05 9.98742E-05 0.0661532 9.98742E-05 9.98742E-05 9.98742E-05 9.98742E-05 0.00065178
