0.0748754 9.99011E-05 0.171237 9.99011E-05 0.496433 9.99011E-05 9.99011E-05 9.99011E-05 0.000974475 9.99011E-05 0.0768388 9.99011E-05 0.178543 9.99011E-05 9.99011E-05 9.99011E-05 9.99011E-05
9.98652E-05 9.98652E-05 9.98652E-05 9.98652E-05 9.98652E-05 9.98652E-05 9.98652E-05 9.98652E-05 9.98652E-05 0.939347 0.0591546 9.98652E-05 9.98652E-05 9.98652E-05 9.98652E-05 9.98652E-05 9.98652E-05
9.99191E-05 9.99191E-05 0.000213311 9.99191E-05 0.00248271 9.99191E-05 9.99191E-05 0.0146 0.00410639 9.99191E-05 9.99191E-05 0.0111605 0.956507 9.99191E-05 9.99191E-05 0.00205499 0.00797601
9.98652E-05 9.98652E-05 0.0900715 9.98652E-05 9.98652E-05 9.98652E-05 9.98652E-05 9.98652E-05 9.98652E-05 9.98652E-05 9.98652E-05 9.98652E-05 9.98652E-05 9.98652E-05 9.98652E-05 9.98652E-05 0.908431
9.99101E-05 0.00147691 9.99101E-05 9.99101E-05 9.99101E-05 9.99101E-05 9.99101E-05 9.99101E-05 9.99101E-05 0.00860042 9.99101E-05 0.00389632 0.00249504 0.000362004 0.00156823 9.99101E-05 0.980602
9.98922E-05 0.000645194 9.98922E-05 0.00962133 9.98922E-05 9.98922E-05 9.98922E-05 9.98922E-05 9.98922E-05 9.98922E-05 9.98922E-05 0.00106106 0.00212292 9.98922E-05 9.98922E-05 9.98922E-05 0.985351
9.98563E-05 9.98563E-05 9.98563E-05 9.98563E-05 9.98563E-05 9.98563E-05 9.98563E-05 9.98563E-05 9.98563E-05 9.98563E-05 9.98563E-05 9.98563E-05 9.98563E-05 0.998402 9.98563E-05 9.98563E-05 9.98563E-05
9.98653E-05 9.98653E-05 9.98653E-05 9.98653E-05 9.98653E-05 9.98653E-05 0.101491 9.98653E-05 9.98653E-05 0.897011 9.98653E-05 9.98653E-05 9.98653E-05 9.98653E-05 9.98653E-05 9.98653E-05 9.98653E-05
9.99011E-05 0.00111022 9.99011E-05 9.99011E-05 9.99011E-05 9.99011E-05 9.99011E-05 9.99011E-05 9.99011E-05 0.00683547 9.99011E-05 0.00298227 0.00183983 9.99011E-05 0.000475062 9.99011E-05 0.985658
9.99101E-05 0.00147691 9.99101E-05 9.99101E-05 9.99101E-05 9.99101E-05 9.99101E-05 9.99101E-05 9.99101E-05 0.00860042 9.99101E-05 0.00389632 0.00249504 0.000362004 0.00156823 9.99101E-05 0.980602
9.98922E-05 0.000846858 9.98922E-05 9.98922E-05 9.98922E-05 9.98922E-05 9.98922E-05 9.98922E-05 9.98922E-05 0.00542477 9.98922E-05 0.00222052 0.00138056 9.98922E-05 9.98922E-05 9.98922E-05 0.988929
0.0601468 9.98652E-05 9.98652E-05 9.98652E-05 9.98652E-05 9.98652E-05 9.98652E-05 9.98652E-05 9.98652E-05 9.98652E-05 9.98652E-05 9.98652E-05 9.98652E-05 9.98652E-05 9.98652E-05 9.98652E-05 0.938355
9.98922E-05 0.000714513 9.98922E-05 9.98922E-05 9.98922E-05 9.98922E-05 9.98922E-05 9.98922E-05 9.98922E-05 0.00503849 9.98922E-05 0.00204914 0.00117178 9.98922E-05 9.98922E-05 9.98922E-05 0.989827
9.99101E-05 0.00111742 9.99101E-05 9.99101E-05 9.99101E-05 9.99101E-05 9.99101E-05 0.00129019 9.99101E-05 0.00685577 9.99101E-05 0.00296664 0.000612986 9.99101E-05 0.000483658 9.99101E-05 0.985674
9.98653E-05 9.98653E-05 9.98653E-05 9.98653E-05 9.98653E-05 9.98653E-05 9.98653E-05 9.98653E-05 9.98653E-05 9.98653E-05 9.98653E-05 9.98653E-05 9.98653E-05 0.0615771 9.98653E-05 9.98653E-05 0.936925
9.98742E-05 9.98742E-05 9.98742E-05 0.00590102 9.98742E-05 9.98742E-05 9.98742E-05 9.98742E-05 9.98742E-05 0.917632 9.98742E-05 9.98742E-05 9.98742E-05 9.98742E-05 9.98742E-05 9.98742E-05 0.0750691
9.98922E-05 0.00113542 9.98922E-05 9.98922E-05 9.98922E-05 9.98922E-05 9.98922E-05 0.0101553 9.98922E-05 0.0068476 9.98922E-05 9.98922E-05 9.98922E-05 9.98922E-05 0.000432739 9.98922E-05 0.98023
0.00930676 9.98922E-05 0.0340837 9.98922E-05 0.0919403 9.98922E-05 9.98922E-05 9.98922E-05 9.98922E-05 0.00510798 9.98922E-05 9.98922E-05 9.98922E-05 9.98922E-05 9.98922E-05 9.98922E-05 0.858363
9.98652E-05 9.98652E-05 9.98652E-05 9.98652E-05 9.98652E-05 9.98652E-05 0.94277 9.98652E-05 9.98652E-05 0.0557322 9.98652E-05 9.98652E-05 9.98652E-05 9.98652E-05 9.98652E-05 9.98652E-05 9.98652E-05
9.98742E-05 9.98742E-05 9.98742E-05 0.000952885 9.98742E-05 9.98742E-05 9.98742E-05 9.98742E-05 9.98742E-05 0.309848 9.98742E-05 9.98742E-05 0.687801 9.98742E-05 9.98742E-05 9.98742E-05 9.98742E-05
9.98832E-05 9.98832E-05 9.98832E-05 9.98832E-05 9.98832E-05 9.98832E-05 9.98832E-05 0.563299 9.98832E-05 0.00153517 9.98832E-05 9.98832E-05 0.432837 9.98832E-05 0.00102976 9.98832E-05 9.98832E-05
9.98563E-05 9.98563E-05 9.98563E-05 9.98563E-05 9.98563E-05 9.98563E-05 9.98563E-05 9.98563E-05 9.98563E-05 9.98563E-05 9.98563E-05 9.98563E-05 9.98563E-05 9.98563E-05 9.98563E-05 9.98563E-05 0.998402
9.98563E-05 9.98563E-05 9.98563E-05 9.98563E-05 9.98563E-05 9.98563E-05 9.98563E-05 9.98563E-05 9.98563E-05 9.98563E-05 9.98563E-05 9.98563E-05 0.998402 9.98563E-05 9.98563E-05 9.98563E-05 9.98563E-05
9.98922E-05 0.000323178 9.98922E-05 9.98922E-05 9.98922E-05 9.98922E-05 9.98922E-05 9.98922E-05 9.98922E-05 0.00333609 9.98922E-05 0.00465306 0.00197564 9.98922E-05 9.98922E-05 9.98922E-05 0.988513
9.99011E-05 9.99011E-05 9.99011E-05 9.99011E-05 0.000526316 9.99011E-05 9.99011E-05 0.00915592 0.00193314 9.99011E-05 9.99011E-05 0.00580887 0.974591 9.99011E-05 9.99011E-05 9.99011E-05 0.00688549
9.98832E-05 0.0055718 9.98832E-05 0.00320096 0.107183 9.98832E-05 9.98832E-05 9.98832E-05 9.98832E-05 0.882746 9.98832E-05 9.98832E-05 9.98832E-05 9.98832E-05 9.98832E-05 9.98832E-05 9.98832E-05
9.99011E-05 0.00111134 9.99011E-05 9.99011E-05 9.99011E-05 9.99011E-05 9.99011E-05 9.99011E-05 9.99011E-05 0.00685205 9.99011E-05 0.00167871 0.00395476 9.99011E-05 0.000473181 9.99011E-05 0.984831
9.99101E-05 0.00147691 9.99101E-05 9.99101E-05 9.99101E-05 9.99101E-05 9.99101E-05 9.99101E-05 9.99101E-05 0.00860042 9.99101E-05 0.00389632 0.00249504 0.000362004 0.00156823 9.99101E-05 0.980602
9.98653E-05 9.98653E-05 9.98653E-05 9.98653E-05 9.98653E-05 9.98653E-05 9.98653E-05 9.98653E-05 9.98653E-05 9.98653E-05 9.98653E-05 9.98653E-05 9.98653E-05 0.816115 9.98653E-05 9.98653E-05 0.182387
0.0034556 9.98742E-05 9.98742E-05 0.0233085 9.98742E-05 9.98742E-05 0.971838 9.98742E-05 9.98742E-05 9.98742E-05 9.98742E-05 9.98742E-05 9.98742E-05 9.98742E-05 9.98742E-05 9.98742E-05 9.98742E-05
9.98922E-05 9.98922E-05 9.98922E-05 0.0140531 9.98922E-05 9.98922E-05 9.98922E-05 9.98922E-05 0.00498552 0.853063 9.98922E-05 9.98922E-05 9.98922E-05 9.98922E-05 0.00352655 9.98922E-05 0.123173
9.99101E-05 0.00147691 9.99101E-05 9.99101E-05 9.99101E-05 9.99101E-05 9.99101E-05 9.99101E-05 9.99101E-05 0.00860042 9.99101E-05 0.00389632 0.00249504 0.000362004 0.00156823 9.99101E-05 0.980602
9.98652E-05 9.98652E-05 9.98652E-05 9.98652E-05 9.98652E-05 9.98652E-05 0.111627 9.98652E-05 9.98652E-05 0.886875 9.98652E-05 9.98652E-05 9.98652E-05 9.98652E-05 9.98652E-05 9.98652E-05 9.98652E-05
9.99101E-05 0.00147691 9.99101E-05 9.99101E-05 9.99101E-05 9.99101E-05 9.99101E-05 9.99101E-05 9.99101E-05 0.00860042 9.99101E-05 0.00389632 0.00249504 0.000362004 0.00156823 9.99101E-05 0.980602
9.99191E-05 9.99191E-05 0.00135215 9.99191E-05 0.00480516 9.99191E-05 9.99191E-05 0.0167707 0.00746346 9.99191E-05 9.99191E-05 0.018999 0.93209 9.99191E-05 9.99191E-05 0.00533879 0.0122814
9.98922E-05 0.000388462 9.98922E-05 9.98922E-05 9.98922E-05 9.98922E-05 9.98922E-05 9.98922E-05 9.98922E-05 0.0168206 9.98922E-05 0.00106905 0.000700423 9.98922E-05 9.98922E-05 9.98922E-05 0.979823
9.99011E-05 0.00111022 9.99011E-05 9.99011E-05 9.99011E-05 9.99011E-05 9.99011E-05 9.99011E-05 9.99011E-05 0.00683547 9.99011E-05 0.00298227 0.00183983 9.99011E-05 0.000475062 9.99011E-05 0.985658
9.98652E-05 9.98652E-05 9.98652E-05 9.98652E-05 9.98652E-05 9.98652E-05 0.761909 9.98652E-05 9.98652E-05 9.98652E-05 9.98652E-05 9.98652E-05 0.236593 9.98652E-05 9.98652E-05 9.98652E-05 9.98652E-05
0.0632549 9.98832E-05 9.98832E-05 0.00470318 9.98832E-05 9.98832E-05 9.98832E-05 9.98832E-05 9.98832E-05 0.87588 9.98832E-05 9.98832E-05 9.98832E-05 9.98832E-05 9.98832E-05 9.98832E-05 0.0548635
9.98742E-05 9.98742E-05 9.98742E-05 0.101905 9.98742E-05 0.00471757 9.98742E-05 9.98742E-05 9.98742E-05 9.98742E-05 9.98742E-05 9.98742E-05 9.98742E-05 9.98742E-05 9.98742E-05 9.98742E-05 0.891979
9.98652E-05 9.98652E-05 9.98652E-05 9.98652E-05 9.98652E-05 9.98652E-05 9.98652E-05 0.612448 9.98652E-05 9.98652E-05 9.98652E-05 9.98652E-05 0.386054 9.98652E-05 9.98652E-05 9.98652E-05 9.98652E-05
9.98653E-05 9.98653E-05 9.98653E-05 9.98653E-05 9.98653E-05 9.98653E-05 9.98653E-05 9.98653E-05 9.98653E-05 0.00330061 9.98653E-05 9.98653E-05 0.995201 9.98653E-05 9.98653E-05 9.98653E-05 9.98653E-05
9.98742E-05 9.98742E-05 9.98742E-05 9.98742E-05 9.98742E-05 9.98742E-05 9.98742E-05 9.98742E-05 9.98742E-05 0.0175028 9.98742E-05 9.98742E-05 0.515796 9.98742E-05 9.98742E-05 9.98742E-05 0.465303
9.99101E-05 0.00147691 9.99101E-05 9.99101E-05 9.99101E-05 9.99101E-05 9.99101E-05 9.99101E-05 9.99101E-05 0.00860042 9.99101E-05 0.00389632 0.00249504 0.000362004 0.00156823 9.99101E-05 0.980602
9.99101E-05 0.00147691 9.99101E-05 9.99101E-05 9.99101E-05 9.99101E-05 9.99101E-05 9.99101E-05 9.99101E-05 0.00860042 9.99101E-05 0.00389632 0.00249504 0.000362004 0.00156823 9.99101E-05 0.980602
9.98832E-05 0.0168424 9.98832E-05 9.98832E-05 0.11136 9.98832E-05 9.98832E-05 9.98832E-05 9.98832E-05 0.0133415 9.98832E-05 9.98832E-05 9.98832E-05 9.98832E-05 9.98832E-05 9.98832E-05 0.857158
9.99101E-05 0.00147691 9.99101E-05 9.99101E-05 9.99101E-05 9.99101E-05 9.99101E-05 9.99101E-05 9.99101E-05 0.00860042 9.99101E-05 0.00389632 0.00249504 0.000362004 0.00156823 9.99101E-05 0.980602
9.98832E-05 9.98832E-05 0.0864435 0.0111843 9.98832E-05 9.98832E-05 9.98832E-05 9.98832E-05 9.98832E-05 0.870087 9.98832E-05 9.98832E-05 9.98832E-05 9.98832E-05 9.98832E-05 9.98832E-05 0.0309866
9.98742E-05 9.98742E-05 9.98742E-05 9.98742E-05 9.98742E-05 9.98742E-05 0.0574816 9.98742E-05 9.98742E-05 0.913559 0.0275612 9.98742E-05 9.98742E-05 9.98742E-05 9.98742E-05 9.98742E-05 9.98742E-05
0.0282975 9.98832E-05 0.0694812 9.98832E-05 9.98832E-05 9.98832E-05 9.98832E-05 9.98832E-05 9.98832E-05 0.00264198 9.98832E-05 9.98832E-05 9.98832E-05 9.98832E-05 9.98832E-05 9.98832E-05 0.898281
9.98743E-05 9.98743E-05 0.0883462 9.98743E-05 9.98743E-05 9.98743E-05 0.014808 9.98743E-05 9.98743E-05 9.98743E-05 9.98743E-05 9.98743E-05 9.98743E-05 9.98743E-05 9.98743E-05 9.98743E-05 0.895447
0.0273647 9.98832E-05 0.071751 9.98832E-05 9.98832E-05 9.98832E-05 9.98832E-05 9.98832E-05 9.98832E-05 0.00884299 9.98832E-05 9.98832E-05 9.98832E-05 9.98832E-05 9.98832E-05 9.98832E-05 0.890743
9.98832E-05 9.98832E-05 9.98832E-05 0.00282454 9.98832E-05 9.98832E-05 9.98832E-05 9.98832E-05 9.98832E-05 0.957255 9.98832E-05 0.000922753 9.98832E-05 9.98832E-05 9.98832E-05 9.98832E-05 0.0376992
0.0604948 9.98832E-05 9.98832E-05 9.98832E-05 0.0476494 9.98832E-05 0.114676 9.98832E-05 9.98832E-05 0.775881 9.98832E-05 9.98832E-05 9.98832E-05 9.98832E-05 9.98832E-05 9.98832E-05 9.98832E-05
9.98563E-05 9.98563E-05 9.98563E-05 9.98563E-05 9.98563E-05 9.98563E-05 9.98563E-05 9.98563E-05 9.98563E-05 9.98563E-05 9.98563E-05 9.98563E-05 9.98563E-05 9.98563E-05 9.98563E-05 9.98563E-05 0.998402
9.98921E-05 9.98921E-05 9.98921E-05 0.0168799 9.98921E-05 9.98921E-05 9.98921E-05 9.98921E-05 0.00545046 0.825081 9.98921E-05 9.98921E-05 9.98921E-05 9.98921E-05 0.00472723 9.98921E-05 0.146662
9.98563E-05 9.98563E-05 9.98563E-05 9.98563E-05 9.98563E-05 9.98563E-05 9.98563E-05 9.98563E-05 9.98563E-05 9.98563E-05 9.98563E-05 9.98563E-05 9.98563E-05 9.98563E-05 9.98563E-05 9.98563E-05 0.998402
9.98742E-05 9.98742E-05 0.904213 9.98742E-05 9.98742E-05 9.98742E-05 9.98742E-05 9.98742E-05 9.98742E-05 9.98742E-05 9.98742E-05 0.0782781 9.98742E-05 9.98742E-05 9.98742E-05 9.98742E-05 0.0161109
9.98922E-05 0.000569616 9.98922E-05 9.98922E-05 9.98922E-05 9.98922E-05 9.98922E-05 9.98922E-05 9.98922E-05 0.00403026 9.98922E-05 0.00146564 0.000925886 9.98922E-05 9.98922E-05 9.98922E-05 0.99181
9.98832E-05 0.000762927 9.98832E-05 9.98832E-05 9.98832E-05 9.98832E-05 9.98832E-05 9.98832E-05 0.135142 0.00268578 9.98832E-05 9.98832E-05 9.98832E-05 9.98832E-05 9.98832E-05 9.98832E-05 0.86011
9.98742E-05 9.98742E-05 9.98742E-05 0.0125088 9.98742E-05 0.124144 9.98742E-05 9.98742E-05 9.98742E-05 0.861949 9.98742E-05 9.98742E-05 9.98742E-05 9.98742E-05 9.98742E-05 9.98742E-05 9.98742E-05
9.98562E-05 9.98562E-05 9.98562E-05 9.98562E-05 0.998402 9.98562E-05 9.98562E-05 9.98562E-05 9.98562E-05 9.98562E-05 9.98562E-05 9.98562E-05 9.98562E-05 9.98562E-05 9.98562E-05 9.98562E-05 9.98562E-05
9.98652E-05 9.98652E-05 9.98652E-05 9.98652E-05 9.98652E-05 9.98652E-05 0.118486 9.98652E-05 9.98652E-05 0.880016 9.98652E-05 9.98652E-05 9.98652E-05 9.98652E-05 9.98652E-05 9.98652E-05 9.98652E-05
9.99022E-05 9.99022E-05 9.99022E-05 9.99022E-05 0.00140595 9.99022E-05 9.99022E-05 0.00308748 0.00233141 9.99022E-05 0.0245746 0.00021261 0.967289 9.99022E-05 9.99022E-05 9.99022E-05 9.99022E-05
9.99371E-05 9.99371E-05 0.00110693 9.99371E-05 0.00427524 9.99371E-05 0.000666259 0.0244682 0.00687751 9.99371E-05 9.99371E-05 0.017175 0.928226 0.000542874 9.99371E-05 0.0046995 0.0112626
0.0184648 9.99281E-05 0.0469572 9.99281E-05 0.125611 9.99281E-05 9.99281E-05 0.0134096 0.00578143 9.99281E-05 9.99281E-05 0.014344 0.765523 9.99281E-05 9.99281E-05 0.00308367 0.00602595
9.98922E-05 9.98922E-05 9.98922E-05 0.0134858 9.98922E-05 9.98922E-05 9.98922E-05 9.98922E-05 0.00477854 0.857732 9.98922E-05 9.98922E-05 9.98922E-05 9.98922E-05 0.00301255 9.98922E-05 0.119793
9.98832E-05 9.98832E-05 9.98832E-05 0.0100624 9.98832E-05 9.98832E-05 9.98832E-05 9.98832E-05 9.98832E-05 0.886678 9.98832E-05 0.00133373 9.98832E-05 9.98832E-05 9.98832E-05 9.98832E-05 0.100628
9.98652E-05 9.98652E-05 9.98652E-05 9.98652E-05 9.98652E-05 9.98652E-05 0.109864 9.98652E-05 9.98652E-05 0.888638 9.98652E-05 9.98652E-05 9.98652E-05 9.98652E-05 9.98652E-05 9.98652E-05 9.98652E-05
9.98652E-05 9.98652E-05 9.98652E-05 9.98652E-05 9.98652E-05 9.98652E-05 0.111598 9.98652E-05 9.98652E-05 0.886904 9.98652E-05 9.98652E-05 9.98652E-05 9.98652E-05 9.98652E-05 9.98652E-05 9.98652E-05
9.98563E-05 9.98563E-05 9.98563E-05 9.98563E-05 0.998402 9.98563E-05 9.98563E-05 9.98563E-05 9.98563E-05 9.98563E-05 9.98563E-05 9.98563E-05 9.98563E-05 9.98563E-05 9.98563E-05 9.98563E-05 9.98563E-05
9.98563E-05 9.98563E-05 9.98563E-05 9.98563E-05 9.98563E-05 9.98563E-05 9.98563E-05 9.98563E-05 9.98563E-05 9.98563E-05 9.98563E-05 9.98563E-05 9.98563E-05 9.98563E-05 9.98563E-05 9.98563E-05 0.998402
0.0608938 9.98922E-05 0.813738 9.98922E-05 0.0894374 9.98922E-05 9.98922E-05 9.98922E-05 9.98922E-05 9.98922E-05 9.98922E-05 9.98922E-05 0.0237706 9.98922E-05 9.98922E-05 0.010962 9.98922E-05
9.98563E-05 9.98563E-05 9.98563E-05 9.98563E-05 0.998402 9.98563E-05 9.98563E-05 9.98563E-05 9.98563E-05 9.98563E-05 9.98563E-05 9.98563E-05 9.98563E-05 9.98563E-05 9.98563E-05 9.98563E-05 9.98563E-05
0.0280905 9.98742E-05 9.98742E-05 0.0574377 9.98742E-05 9.98742E-05 9.98742E-05 9.98742E-05 9.98742E-05 9.98742E-05 9.98742E-05 9.98742E-05 9.98742E-05 0.913074 9.98742E-05 9.98742E-05 9.98742E-05
9.98652E-05 9.98652E-05 9.98652E-05 9.98652E-05 9.98652E-05 0.0494575 9.98652E-05 9.98652E-05 9.98652E-05 9.98652E-05 9.98652E-05 0.949045 9.98652E-05 9.98652E-05 9.98652E-05 9.98652E-05 9.98652E-05
9.98832E-05 9.98832E-05 9.98832E-05 9.98832E-05 9.98832E-05 9.98832E-05 9.98832E-05 9.98832E-05 0.000642541 9.98832E-05 9.98832E-05 0.00208242 0.991991 9.98832E-05 9.98832E-05 9.98832E-05 0.00398582
9.98563E-05 9.98563E-05 9.98563E-05 9.98563E-05 9.98563E-05 9.98563E-05 9.98563E-05 9.98563E-05 9.98563E-05 9.98563E-05 9.98563E-05 9.98563E-05 9.98563E-05 9.98563E-05 9.98563E-05 0.998402 9.98563E-05
9.98563E-05 9.98563E-05 0.998402 9.98563E-05 9.98563E-05 9.98563E-05 9.98563E-05 9.98563E-05 9.98563E-05 9.98563E-05 9.98563E-05 9.98563E-05 9.98563E-05 9.98563E-05 9.98563E-05 9.98563E-05 9.98563E-05
9.99011E-05 0.00111022 9.99011E-05 9.99011E-05 9.99011E-05 9.99011E-05 9.99011E-05 9.99011E-05 9.99011E-05 0.00683547 9.99011E-05 0.00298227 0.00183983 9.99011E-05 0.000475062 9.99011E-05 0.985658
9.98832E-05 9.98832E-05 9.98832E-05 9.98832E-05 9.98832E-05 9.98832E-05 9.98832E-05 0.000374875 0.0106522 9.98832E-05 9.98832E-05 9.98832E-05 0.0611974 9.98832E-05 9.98832E-05 0.926477 9.98832E-05
9.98921E-05 0.0183272 9.98921E-05 9.98921E-05 0.111524 9.98921E-05 9.98921E-05 9.98921E-05 9.98921E-05 0.0208241 9.98921E-05 9.98921E-05 9.98921E-05 0.00429098 9.98921E-05 9.98921E-05 0.843835
9.98742E-05 9.98742E-05 9.98742E-05 0.0159317 9.98742E-05 9.98742E-05 9.98742E-05 9.98742E-05 9.98742E-05 0.831074 9.98742E-05 9.98742E-05 9.98742E-05 9.98742E-05 9.98742E-05 9.98742E-05 0.151597
9.98832E-05 9.98832E-05 9.98832E-05 0.0168053 9.98832E-05 9.98832E-05 9.98832E-05 9.98832E-05 9.98832E-05 0.819073 9.98832E-05 0.00120703 9.98832E-05 9.98832E-05 9.98832E-05 9.98832E-05 0.161616
9.99191E-05 9.99191E-05 0.000837486 9.99191E-05 0.00381816 9.99191E-05 9.99191E-05 0.0131943 0.00615602 9.99191E-05 9.99191E-05 0.014622 0.943128 9.99191E-05 9.99191E-05 0.00395031 0.0133946
0.0446522 9.98832E-05 0.865611 9.98832E-05 0.0672575 9.98832E-05 9.98832E-05 9.98832E-05 9.98832E-05 9.98832E-05 9.98832E-05 9.98832E-05 0.0211812 9.98832E-05 9.98832E-05 9.98832E-05 9.98832E-05
0.0356604 9.98921E-05 0.0851927 9.98921E-05 9.98921E-05 9.98921E-05 9.98921E-05 0.547382 0.00114417 9.98921E-05 9.98921E-05 9.98921E-05 0.329422 9.98921E-05 9.98921E-05 9.98921E-05 9.98921E-05
0.0591171 9.98832E-05 0.13996 9.98832E-05 9.98832E-05 9.98832E-05 9.98832E-05 9.98832E-05 9.98832E-05 0.00190879 9.98832E-05 9.98832E-05 9.98832E-05 9.98832E-05 9.98832E-05 9.98832E-05 0.797716
9.98742E-05 9.98742E-05 0.921446 9.98742E-05 9.98742E-05 9.98742E-05 9.98742E-05 9.98742E-05 9.98742E-05 9.98742E-05 9.98742E-05 0.000640679 0.0765154 9.98742E-05 9.98742E-05 9.98742E-05 9.98742E-05
9.99101E-05 0.00147691 9.99101E-05 9.99101E-05 9.99101E-05 9.99101E-05 9.99101E-05 9.99101E-05 9.99101E-05 0.00860042 9.99101E-05 0.00389632 0.00249504 0.000362004 0.00156823 9.99101E-05 0.980602
9.98922E-05 9.98922E-05 9.98922E-05 9.98922E-05 9.98922E-05 9.98922E-05 0.117655 0.110186 9.98922E-05 0.517298 9.98922E-05 9.98922E-05 9.98922E-05 9.98922E-05 0.215883 0.0377787 9.98922E-05
9.98563E-05 9.98563E-05 9.98563E-05 9.98563E-05 0.998402 9.98563E-05 9.98563E-05 9.98563E-05 9.98563E-05 9.98563E-05 9.98563E-05 9.98563E-05 9.98563E-05 9.98563E-05 9.98563E-05 9.98563E-05 9.98563E-05
9.99101E-05 0.00147691 9.99101E-05 9.99101E-05 9.99101E-05 9.99101E-05 9.99101E-05 9.99101E-05 9.99101E-05 0.00860042 9.99101E-05 0.00389632 0.00249504 0.000362004 0.00156823 9.99101E-05 0.980602
9.99101E-05 0.00147691 9.99101E-05 9.99101E-05 9.99101E-05 9.99101E-05 9.99101E-05 9.99101E-05 9.99101E-05 0.00860042 9.99101E-05 0.00389632 0.00249504 0.000362004 0.00156823 9.99101E-05 0.980602
9.99101E-05 0.00147691 9.99101E-05 9.99101E-05 9.99101E-05 9.99101E-05 9.99101E-05 9.99101E-05 9.99101E-05 0.00860042 9.99101E-05 0.00389632 0.00249504 0.000362004 0.00156823 9.99101E-05 0.980602
9.98563E-05 9.98563E-05 9.98563E-05 9.98563E-05 0.998402 9.98563E-05 9.98563E-05 9.98563E-05 9.98563E-05 9.98563E-05 9.98563E-05 9.98563E-05 9.98563E-05 9.98563E-05 9.98563E-05 9.98563E-05 9.98563E-05
9.98922E-05 0.000560168 9.98922E-05 9.98922E-05 9.98922E-05 9.98922E-05 9.98922E-05 9.98922E-05 9.98922E-05 0.00398274 9.98922E-05 0.00143992 0.000910392 9.98922E-05 9.98922E-05 9.98922E-05 0.991908
9.99101E-05 9.99101E-05 9.99101E-05 9.99101E-05 0.00247487 9.99101E-05 9.99101E-05 0.0304626 0.0055109 9.99101E-05 9.99101E-05 0.036129 0.917712 9.99101E-05 9.99101E-05 0.00209803 0.004613
9.99191E-05 9.99191E-05 0.0011005 9.99191E-05 0.004315 9.99191E-05 9.99191E-05 0.0149943 0.00682913 9.99191E-05 9.99191E-05 0.0175878 0.938027 9.99191E-05 9.99191E-05 0.00465444 0.011593
9.98832E-05 9.98832E-05 9.98832E-05 0.0139133 0.0832283 9.98832E-05 9.98832E-05 9.98832E-05 9.98832E-05 0.687911 9.98832E-05 9.98832E-05 9.98832E-05 0.213649 9.98832E-05 9.98832E-05 9.98832E-05
9.98652E-05 9.98652E-05 9.98652E-05 9.98652E-05 9.98652E-05 9.98652E-05 9.98652E-05 9.98652E-05 9.98652E-05 0.939347 0.0591546 9.98652E-05 9.98652E-05 9.98652E-05 9.98652E-05 9.98652E-05 9.98652E-05
9.98742E-05 9.98742E-05 9.98742E-05 9.98742E-05 9.98742E-05 9.98742E-05 9.98742E-05 9.98742E-05 9.98742E-05 9.98742E-05 9.98742E-05 0.77565 0.105718 9.98742E-05 9.98742E-05 9.98742E-05 0.117234
0.0195542 0.118169 0.795975 9.98832E-05 9.98832E-05 9.98832E-05 9.98832E-05 9.98832E-05 9.98832E-05 9.98832E-05 9.98832E-05 9.98832E-05 0.0650039 9.98832E-05 9.98832E-05 9.98832E-05 9.98832E-05
9.98652E-05 9.98652E-05 9.98652E-05 9.98652E-05 9.98652E-05 9.98652E-05 9.98652E-05 0.216805 9.98652E-05 9.98652E-05 9.98652E-05 9.98652E-05 9.98652E-05 9.98652E-05 9.98652E-05 9.98652E-05 0.781697
9.98652E-05 9.98652E-05 9.98652E-05 9.98652E-05 9.98652E-05 9.98652E-05 9.98652E-05 0.216713 9.98652E-05 9.98652E-05 9.98652E-05 9.98652E-05 9.98652E-05 9.98652E-05 9.98652E-05 9.98652E-05 0.781789
9.98563E-05 9.98563E-05 0.998402 9.98563E-05 9.98563E-05 9.98563E-05 9.98563E-05 9.98563E-05 9.98563E-05 9.98563E-05 9.98563E-05 9.98563E-05 9.98563E-05 9.98563E-05 9.98563E-05 9.98563E-05 9.98563E-05
9.98652E-05 9.98652E-05 0.937414 9.98652E-05 9.98652E-05 9.98652E-05 9.98652E-05 9.98652E-05 9.98652E-05 9.98652E-05 9.98652E-05 9.98652E-05 0.061088 9.98652E-05 9.98652E-05 9.98652E-05 9.98652E-05
9.99101E-05 0.00147691 9.99101E-05 9.99101E-05 9.99101E-05 9.99101E-05 9.99101E-05 9.99101E-05 9.99101E-05 0.00860042 9.99101E-05 0.00389632 0.00249504 0.000362004 0.00156823 9.99101E-05 0.980602
9.98921E-05 0.000404935 9.98921E-05 9.98921E-05 9.98921E-05 0.00469115 0.12445 9.98921E-05 9.98921E-05 0.0653456 9.98921E-05 9.98921E-05 9.98921E-05 9.98921E-05 9.98921E-05 9.98921E-05 0.80391
9.99101E-05 0.00147691 9.99101E-05 9.99101E-05 9.99101E-05 9.99101E-05 9.99101E-05 9.99101E-05 9.99101E-05 0.00860042 9.99101E-05 0.00389632 0.00249504 0.000362004 0.00156823 9.99101E-05 0.980602
9.98563E-05 9.98563E-05 9.98563E-05 9.98563E-05 9.98563E-05 9.98563E-05 9.98563E-05 9.98563E-05 9.98563E-05 9.98563E-05 9.98563E-05 9.98563E-05 9.98563E-05 9.98563E-05 9.98563E-05 9.98563E-05 0.998402
9.98563E-05 9.98563E-05 9.98563E-05 9.98563E-05 9.98563E-05 9.98563E-05 9.98563E-05 9.98563E-05 9.98563E-05 9.98563E-05 9.98563E-05 9.98563E-05 9.98563E-05 9.98563E-05 9.98563E-05 9.98563E-05 0.998402
9.98742E-05 9.98742E-05 9.98742E-05 0.0449845 9.98742E-05 9.98742E-05 9.98742E-05 9.98742E-05 0.000760867 9.98742E-05 9.98742E-05 9.98742E-05 0.952856 9.98742E-05 9.98742E-05 9.98742E-05 9.98742E-05
9.98563E-05 9.98563E-05 9.98563E-05 9.98563E-05 9.98563E-05 9.98563E-05 9.98563E-05 9.98563E-05 9.98563E-05 9.98563E-05 9.98563E-05 9.98563E-05 0.998402 9.98563E-05 9.98563E-05 9.98563E-05 9.98563E-05
9.99011E-05 9.99011E-05 9.99011E-05 9.99011E-05 0.000661343 9.99011E-05 9.99011E-05 0.0150241 0.00122633 9.99011E-05 9.99011E-05 0.0105574 0.970551 9.99011E-05 9.99011E-05 9.99011E-05 0.000880945
9.98563E-05 9.98563E-05 9.98563E-05 9.98563E-05 9.98563E-05 9.98563E-05 9.98563E-05 9.98563E-05 9.98563E-05 9.98563E-05 9.98563E-05 9.98563E-05 9.98563E-05 9.98563E-05 9.98563E-05 9.98563E-05 0.998402
9.98742E-05 9.98742E-05 0.110165 9.98742E-05 9.98742E-05 9.98742E-05 9.98742E-05 9.98742E-05 9.98742E-05 9.98742E-05 9.98742E-05 0.00279452 0.885642 9.98742E-05 9.98742E-05 9.98742E-05 9.98742E-05
9.99101E-05 0.00147691 9.99101E-05 9.99101E-05 9.99101E-05 9.99101E-05 9.99101E-05 9.99101E-05 9.99101E-05 0.00860042 9.99101E-05 0.00389632 0.00249504 0.000362004 0.00156823 9.99101E-05 0.980602
9.98652E-05 9.98652E-05 9.98652E-05 9.98652E-05 9.98652E-05 9.98652E-05 9.98652E-05 9.98652E-05 9.98652E-05 0.939844 0.0586583 9.98652E-05 9.98652E-05 9.98652E-05 9.98652E-05 9.98652E-05 9.98652E-05
9.99101E-05 9.99101E-05 9.99101E-05 9.99101E-05 0.00145242 9.99101E-05 9.99101E-05 0.003813 0.00287912 9.99101E-05 9.99101E-05 0.00740831 0.974983 9.99101E-05 9.99101E-05 0.000756775 0.00770807
0.183192 9.98832E-05 0.425833 9.98832E-05 0.265498 9.98832E-05 9.98832E-05 9.98832E-05 9.98832E-05 9.98832E-05 9.98832E-05 9.98832E-05 0.124178 9.98832E-05 9.98832E-05 9.98832E-05 9.98832E-05
0.0403727 9.99011E-05 0.0799073 9.99011E-05 0.251377 9.99011E-05 9.99011E-05 9.99011E-05 0.00194294 9.99011E-05 9.99011E-05 0.0029853 0.622316 9.99011E-05 9.99011E-05 9.99011E-05 9.99011E-05
9.98832E-05 9.98832E-05 9.98832E-05 9.98832E-05 9.98832E-05 9.98832E-05 9.98832E-05 9.98832E-05 0.000905293 9.98832E-05 9.98832E-05 0.459842 0.262582 9.98832E-05 9.98832E-05 9.98832E-05 0.275372
0.00240369 9.99101E-05 0.334277 9.99101E-05 9.99101E-05 9.99101E-05 9.99101E-05 0.00952866 0.00321962 9.99101E-05 9.99101E-05 0.0109057 0.637046 9.99101E-05 9.99101E-05 0.00162025 9.99101E-05
9.99101E-05 9.99101E-05 9.99101E-05 9.99101E-05 0.00271218 9.99101E-05 9.99101E-05 0.00509553 0.00334096 9.99101E-05 9.99101E-05 0.0153599 0.967555 9.99101E-05 9.99101E-05 0.00139243 0.00354482
9.99101E-05 9.99101E-05 9.99101E-05 9.99101E-05 0.00209789 9.99101E-05 9.99101E-05 0.00640417 0.00363448 9.99101E-05 9.99101E-05 0.0105427 0.966888 9.99101E-05 9.99101E-05 0.00152182 0.0079123
0.0711195 9.99011E-05 0.171457 9.99011E-05 0.00424072 9.99011E-05 9.99011E-05 9.99011E-05 9.99011E-05 9.99011E-05 9.99011E-05 0.453368 0.033264 9.99011E-05 9.99011E-05 9.99011E-05 0.265452
9.99191E-05 9.99191E-05 0.000846463 9.99191E-05 0.00381974 9.99191E-05 9.99191E-05 0.0131958 0.00616802 9.99191E-05 9.99191E-05 0.0161577 0.944056 9.99191E-05 9.99191E-05 0.00396272 0.010894
9.98652E-05 9.98652E-05 9.98652E-05 9.98652E-05 9.98652E-05 9.98652E-05 9.98652E-05 9.98652E-05 9.98652E-05 0.939844 0.0586583 9.98652E-05 9.98652E-05 9.98652E-05 9.98652E-05 9.98652E-05 9.98652E-05
0.0133598 9.98922E-05 0.045905 9.98922E-05 0.126259 9.98922E-05 9.98922E-05 9.98922E-05 9.98922E-05 9.98922E-05 9.98922E-05 0.00675736 0.806521 9.98922E-05 9.98922E-05 9.98922E-05 9.98922E-05
0.0172 9.99011E-05 0.0452649 9.99011E-05 0.12423 9.99011E-05 9.99011E-05 9.99011E-05 0.000113287 9.99011E-05 9.99011E-05 0.00418509 0.807908 9.99011E-05 9.99011E-05 9.99011E-05 9.99011E-05
0.130278 9.98921E-05 0.298191 9.98921E-05 0.377071 9.98921E-05 9.98921E-05 0.00257468 9.98921E-05 9.98921E-05 9.98921E-05 9.98921E-05 0.190687 9.98921E-05 9.98921E-05 9.98921E-05 9.98921E-05
0.0181632 9.99281E-05 0.04659 9.99281E-05 0.126131 9.99281E-05 9.99281E-05 0.0119161 0.00524018 9.99281E-05 9.99281E-05 0.0131735 0.770027 9.99281E-05 9.99281E-05 0.00248646 0.00547393
0.0109272 9.99101E-05 0.0452935 0.00827709 0.118396 9.99101E-05 9.99101E-05 9.99101E-05 9.99101E-05 0.518779 9.99101E-05 0.293227 0.00410152 9.99101E-05 9.99101E-05 9.99101E-05 9.99101E-05
9.98653E-05 9.98653E-05 9.98653E-05 9.98653E-05 9.98653E-05 9.98653E-05 9.98653E-05 9.98653E-05 9.98653E-05 0.950542 0.0479603 9.98653E-05 9.98653E-05 9.98653E-05 9.98653E-05 9.98653E-05 9.98653E-05
9.98742E-05 9.98742E-05 9.98742E-05 9.98742E-05 9.98742E-05 9.98742E-05 9.98742E-05 9.98742E-05 9.98742E-05 9.98742E-05 9.98742E-05 0.18788 0.0755543 9.98742E-05 0.735167 9.98742E-05 9.98742E-05
9.99191E-05 9.99191E-05 0.000305955 9.99191E-05 0.00260086 9.99191E-05 9.99191E-05 0.00750844 0.00427297 9.99191E-05 9.99191E-05 0.0103481 0.962737 9.99191E-05 9.99191E-05 0.00217042 0.00915678
9.98832E-05 9.98832E-05 9.98832E-05 9.98832E-05 9.98832E-05 9.98832E-05 9.98832E-05 9.98832E-05 0.00152842 9.98832E-05 9.98832E-05 0.454777 0.265257 9.98832E-05 9.98832E-05 9.98832E-05 0.277139
9.98652E-05 9.98652E-05 9.98652E-05 9.98652E-05 9.98652E-05 0.0507193 9.98652E-05 9.98652E-05 9.98652E-05 9.98652E-05 9.98652E-05 0.947783 9.98652E-05 9.98652E-05 9.98652E-05 9.98652E-05 9.98652E-05
9.99101E-05 9.99101E-05 9.99101E-05 9.99101E-05 0.00271218 9.99101E-05 9.99101E-05 0.00509553 0.00334096 9.99101E-05 9.99101E-05 0.0153599 0.967555 9.99101E-05 9.99101E-05 0.00139243 0.00354482
9.98562E-05 9.98562E-05 9.98562E-05 9.98562E-05 9.98562E-05 9.98562E-05 9.98562E-05 9.98562E-05 9.98562E-05 9.98562E-05 9.98562E-05 9.98562E-05 0.998402 9.98562E-05 9.98562E-05 9.98562E-05 9.98562E-05
9.99191E-05 9.99191E-05 0.00135215 9.99191E-05 0.00480516 9.99191E-05 9.99191E-05 0.0167707 0.00746346 9.99191E-05 9.99191E-05 0.018999 0.93209 9.99191E-05 9.99191E-05 0.00533879 0.0122814
9.99101E-05 0.00147691 9.99101E-05 9.99101E-05 9.99101E-05 9.99101E-05 9.99101E-05 9.99101E-05 9.99101E-05 0.00860042 9.99101E-05 0.00389632 0.00249504 0.000362004 0.00156823 9.99101E-05 0.980602
9.99101E-05 9.99101E-05 9.99101E-05 9.99101E-05 0.00271218 9.99101E-05 9.99101E-05 0.00509553 0.00334096 9.99101E-05 9.99101E-05 0.0153599 0.967555 9.99101E-05 9.99101E-05 0.00139243 0.00354482
9.98955E-05 0.000286336 9.98955E-05 9.98955E-05 9.98955E-05 9.98955E-05 0.000889653 9.98955E-05 9.98955E-05 0.00172036 9.98955E-05 9.98955E-05 0.00150295 9.98955E-05 9.98955E-05 9.98955E-05 0.994402
9.98742E-05 9.98742E-05 9.98742E-05 9.98742E-05 9.98742E-05 0.000766159 0.11941 9.98742E-05 9.98742E-05 0.878425 9.98742E-05 9.98742E-05 9.98742E-05 9.98742E-05 9.98742E-05 9.98742E-05 9.98742E-05
9.99101E-05 9.99101E-05 9.99101E-05 9.99101E-05 0.000613635 9.99101E-05 9.99101E-05 0.00106878 0.00185004 9.99101E-05 9.99101E-05 0.00535448 0.968468 9.99101E-05 0.0108134 0.0108322 9.99101E-05
9.99191E-05 9.99191E-05 0.0011005 9.99191E-05 0.004315 9.99191E-05 9.99191E-05 0.0149943 0.00682913 9.99191E-05 9.99191E-05 0.0175878 0.938027 9.99191E-05 9.99191E-05 0.00465444 0.011593
9.99011E-05 9.99011E-05 9.99011E-05 9.99011E-05 0.000645969 9.99011E-05 9.99011E-05 0.0247503 0.0018057 9.99011E-05 9.99011E-05 0.00610312 0.958079 9.99011E-05 9.99011E-05 9.99011E-05 0.00751683
9.98563E-05 9.98563E-05 9.98563E-05 9.98563E-05 9.98563E-05 9.98563E-05 9.98563E-05 9.98563E-05 9.98563E-05 9.98563E-05 9.98563E-05 9.98563E-05 0.998402 9.98563E-05 9.98563E-05 9.98563E-05 9.98563E-05
9.98563E-05 9.98563E-05 0.998402 9.98563E-05 9.98563E-05 9.98563E-05 9.98563E-05 9.98563E-05 9.98563E-05 9.98563E-05 9.98563E-05 9.98563E-05 9.98563E-05 9.98563E-05 9.98563E-05 9.98563E-05 9.98563E-05
9.98563E-05 9.98563E-05 0.998402 9.98563E-05 9.98563E-05 9.98563E-05 9.98563E-05 9.98563E-05 9.98563E-05 9.98563E-05 9.98563E-05 9.98563E-05 9.98563E-05 9.98563E-05 9.98563E-05 9.98563E-05 9.98563E-05
0.0726748 9.98832E-05 0.167232 9.98832E-05 0.510076 9.98832E-05 9.98832E-05 9.98832E-05 9.98832E-05 9.98832E-05 9.98832E-05 9.98832E-05 0.248719 9.98832E-05 9.98832E-05 9.98832E-05 9.98832E-05
0.0760785 9.99101E-05 9.99101E-05 9.99101E-05 9.99101E-05 9.99101E-05 9.99101E-05 0.00332269 0.0157056 9.99101E-05 9.99101E-05 0.0105031 0.887749 9.99101E-05 9.99101E-05 0.00119124 0.00445087
9.99281E-05 9.99281E-05 0.00126407 9.99281E-05 0.00398387 9.99281E-05 0.00465136 0.015079 0.00680368 9.99281E-05 9.99281E-05 0.0169176 0.937602 9.99281E-05 9.99281E-05 0.00462685 0.00827222
9.99101E-05 9.99101E-05 0.00148782 9.99101E-05 9.99101E-05 9.99101E-05 9.99101E-05 0.00920137 0.0165766 0.00281392 9.99101E-05 9.99101E-05 0.956549 9.99101E-05 0.00690988 9.99101E-05 0.00546241
0.0767872 9.99101E-05 9.99101E-05 9.99101E-05 9.99101E-05 9.99101E-05 9.99101E-05 0.00851832 0.0177452 9.99101E-05 9.99101E-05 0.0154966 0.871071 9.99101E-05 9.99101E-05 0.00282062 0.0065618
0.0504212 9.98922E-05 0.105094 9.98922E-05 0.351085 9.98922E-05 9.98922E-05 9.98922E-05 9.98922E-05 9.98922E-05 9.98922E-05 0.315607 9.98922E-05 9.98922E-05 9.98922E-05 9.98922E-05 0.176594
9.99191E-05 9.99191E-05 0.000305955 9.99191E-05 0.00260086 9.99191E-05 9.99191E-05 0.00750844 0.00427297 9.99191E-05 9.99191E-05 0.0103481 0.962737 9.99191E-05 9.99191E-05 0.00217042 0.00915678
9.98563E-05 9.98563E-05 9.98563E-05 9.98563E-05 9.98563E-05 9.98563E-05 9.98563E-05 9.98563E-05 9.98563E-05 9.98563E-05 9.98563E-05 9.98563E-05 0.998402 9.98563E-05 9.98563E-05 9.98563E-05 9.98563E-05
9.98652E-05 9.98652E-05 9.98652E-05 9.98652E-05 9.98652E-05 9.98652E-05 9.98652E-05 9.98652E-05 9.98652E-05 9.98652E-05 9.98652E-05 9.98652E-05 9.98652E-05 9.98652E-05 0.813803 9.98652E-05 0.184699
9.98563E-05 9.98563E-05 9.98563E-05 9.98563E-05 9.98563E-05 9.98563E-05 9.98563E-05 9.98563E-05 9.98563E-05 9.98563E-05 9.98563E-05 9.98563E-05 0.998402 9.98563E-05 9.98563E-05 9.98563E-05 9.98563E-05
9.98563E-05 9.98563E-05 9.98563E-05 9.98563E-05 9.98563E-05 9.98563E-05 9.98563E-05 9.98563E-05 9.98563E-05 9.98563E-05 9.98563E-05 9.98563E-05 0.998402 9.98563E-05 9.98563E-05 9.98563E-05 9.98563E-05
9.98563E-05 9.98563E-05 9.98563E-05 9.98563E-05 9.98563E-05 9.98563E-05 9.98563E-05 9.98563E-05 9.98563E-05 9.98563E-05 9.98563E-05 9.98563E-05 0.998402 9.98563E-05 9.98563E-05 9.98563E-05 9.98563E-05
9.98742E-05 9.98742E-05 9.98742E-05 9.98742E-05 9.98742E-05 9.98742E-05 9.98742E-05 9.98742E-05 9.98742E-05 0.978821 9.98742E-05 0.0148216 9.98742E-05 9.98742E-05 9.98742E-05 9.98742E-05 0.00495894
9.98832E-05 9.98832E-05 9.98832E-05 0.00282454 9.98832E-05 9.98832E-05 9.98832E-05 9.98832E-05 9.98832E-05 0.957255 9.98832E-05 0.000922753 9.98832E-05 9.98832E-05 9.98832E-05 9.98832E-05 0.0376992
9.98742E-05 9.98742E-05 9.98742E-05 0.0168393 9.98742E-05 9.98742E-05 9.98742E-05 9.98742E-05 9.98742E-05 0.821992 9.98742E-05 9.98742E-05 9.98742E-05 9.98742E-05 9.98742E-05 9.98742E-05 0.15977
9.98742E-05 9.98742E-05 9.98742E-05 0.00227276 9.98742E-05 9.98742E-05 9.98742E-05 9.98742E-05 9.98742E-05 0.959771 9.98742E-05 9.98742E-05 9.98742E-05 9.98742E-05 9.98742E-05 9.98742E-05 0.0365576
9.98652E-05 9.98652E-05 9.98652E-05 9.98652E-05 9.98652E-05 9.98652E-05 0.1171 9.98652E-05 9.98652E-05 0.881402 9.98652E-05 9.98652E-05 9.98652E-05 9.98652E-05 9.98652E-05 9.98652E-05 9.98652E-05
9.98742E-05 9.98742E-05 9.98742E-05 0.0155293 9.98742E-05 9.98742E-05 9.98742E-05 9.98742E-05 9.98742E-05 0.835956 9.98742E-05 9.98742E-05 9.98742E-05 9.98742E-05 9.98742E-05 9.98742E-05 0.147117
9.99101E-05 9.99101E-05 9.99101E-05 9.99101E-05 0.00234597 9.99101E-05 9.99101E-05 0.00682142 0.0038322 9.99101E-05 9.99101E-05 0.0112947 0.965279 9.99101E-05 9.99101E-05 0.00175662 0.00767088
9.98653E-05 9.98653E-05 9.98653E-05 9.98653E-05 9.98653E-05 9.98653E-05 0.11647 9.98653E-05 9.98653E-05 0.882032 9.98653E-05 9.98653E-05 9.98653E-05 9.98653E-05 9.98653E-05 9.98653E-05 9.98653E-05
9.98859E-05 9.98859E-05 9.98859E-05 9.98859E-05 9.98859E-05 9.98859E-05 9.98859E-05 9.98859E-05 0.00112444 9.98859E-05 9.98859E-05 0.00410708 0.989438 9.98859E-05 9.98859E-05 9.98859E-05 0.0040319
9.98653E-05 9.98653E-05 9.98653E-05 9.98653E-05 9.98653E-05 9.98653E-05 9.98653E-05 9.98653E-05 9.98653E-05 9.98653E-05 9.98653E-05 0.000670261 0.997832 9.98653E-05 9.98653E-05 9.98653E-05 9.98653E-05
9.98922E-05 0.000714513 9.98922E-05 9.98922E-05 9.98922E-05 9.98922E-05 9.98922E-05 9.98922E-05 9.98922E-05 0.00503849 9.98922E-05 0.00204914 0.00117178 9.98922E-05 9.98922E-05 9.98922E-05 0.989827
9.98563E-05 9.98563E-05 9.98563E-05 0.998402 9.98563E-05 9.98563E-05 9.98563E-05 9.98563E-05 9.98563E-05 9.98563E-05 9.98563E-05 9.98563E-05 9.98563E-05 9.98563E-05 9.98563E-05 9.98563E-05 9.98563E-05
9.98563E-05 9.98563E-05 9.98563E-05 0.998402 9.98563E-05 9.98563E-05 9.98563E-05 9.98563E-05 9.98563E-05 9.98563E-05 9.98563E-05 9.98563E-05 9.98563E-05 9.98563E-05 9.98563E-05 9.98563E-05 9.98563E-05
9.98742E-05 9.98742E-05 9.98742E-05 0.983793 9.98742E-05 9.98742E-05 9.98742E-05 9.98742E-05 9.98742E-05 0.0116896 9.98742E-05 9.98742E-05 9.98742E-05 9.98742E-05 9.98742E-05 9.98742E-05 0.0031195
9.98742E-05 9.98742E-05 9.98742E-05 0.983793 9.98742E-05 9.98742E-05 9.98742E-05 9.98742E-05 9.98742E-05 0.0116896 9.98742E-05 9.98742E-05 9.98742E-05 9.98742E-05 9.98742E-05 9.98742E-05 0.0031195
9.98742E-05 9.98742E-05 9.98742E-05 0.983793 9.98742E-05 9.98742E-05 9.98742E-05 9.98742E-05 9.98742E-05 0.0116896 9.98742E-05 9.98742E-05 9.98742E-05 9.98742E-05 9.98742E-05 9.98742E-05 0.0031195
0.00171066 9.98832E-05 9.98832E-05 0.941561 9.98832E-05 9.98832E-05 9.98832E-05 9.98832E-05 9.98832E-05 0.0460267 9.98832E-05 9.98832E-05 9.98832E-05 9.98832E-05 9.98832E-05 9.98832E-05 0.0094034
9.98742E-05 9.98742E-05 9.98742E-05 0.983793 9.98742E-05 9.98742E-05 9.98742E-05 9.98742E-05 9.98742E-05 0.0116896 9.98742E-05 9.98742E-05 9.98742E-05 9.98742E-05 9.98742E-05 9.98742E-05 0.0031195
0.0537877 9.99101E-05 0.110869 9.99101E-05 0.335531 9.99101E-05 9.99101E-05 9.99101E-05 9.99101E-05 9.99101E-05 9.99101E-05 0.315582 9.99101E-05 0.000385439 0.000710305 9.99101E-05 0.182135
0.00385993 9.98832E-05 9.98832E-05 0.892823 9.98832E-05 9.98832E-05 9.98832E-05 9.98832E-05 9.98832E-05 0.0754328 9.98832E-05 9.98832E-05 9.98832E-05 9.98832E-05 9.98832E-05 9.98832E-05 0.0265854
9.98563E-05 9.98563E-05 9.98563E-05 0.998402 9.98563E-05 9.98563E-05 9.98563E-05 9.98563E-05 9.98563E-05 9.98563E-05 9.98563E-05 9.98563E-05 9.98563E-05 9.98563E-05 9.98563E-05 9.98563E-05 9.98563E-05
9.98563E-05 9.98563E-05 9.98563E-05 0.998402 9.98563E-05 9.98563E-05 9.98563E-05 9.98563E-05 9.98563E-05 9.98563E-05 9.98563E-05 9.98563E-05 9.98563E-05 9.98563E-05 9.98563E-05 9.98563E-05 9.98563E-05
0.972206 9.98742E-05 0.0156861 9.98742E-05 0.0107097 9.98742E-05 9.98742E-05 9.98742E-05 9.98742E-05 9.98742E-05 9.98742E-05 9.98742E-05 9.98742E-05 9.98742E-05 9.98742E-05 9.98742E-05 9.98742E-05
9.98742E-05 9.98742E-05 9.98742E-05 0.0173785 9.98742E-05 9.98742E-05 9.98742E-05 9.98742E-05 9.98742E-05 0.817635 9.98742E-05 9.98742E-05 9.98742E-05 9.98742E-05 9.98742E-05 9.98742E-05 0.163588
0.95996 9.98653E-05 9.98653E-05 9.98653E-05 9.98653E-05 9.98653E-05 9.98653E-05 9.98653E-05 9.98653E-05 9.98653E-05 9.98653E-05 9.98653E-05 9.98653E-05 9.98653E-05 9.98653E-05 9.98653E-05 0.0385417
9.98742E-05 9.98742E-05 9.98742E-05 0.0133698 0.219303 9.98742E-05 9.98742E-05 9.98742E-05 9.98742E-05 0.765929 9.98742E-05 9.98742E-05 9.98742E-05 9.98742E-05 9.98742E-05 9.98742E-05 9.98742E-05
9.98742E-05 9.98742E-05 9.98742E-05 0.0155293 9.98742E-05 9.98742E-05 9.98742E-05 9.98742E-05 9.98742E-05 0.835956 9.98742E-05 9.98742E-05 9.98742E-05 9.98742E-05 9.98742E-05 9.98742E-05 0.147117
9.98652E-05 9.98652E-05 9.98652E-05 9.98652E-05 9.98652E-05 9.98652E-05 0.11889 9.98652E-05 9.98652E-05 0.879612 9.98652E-05 9.98652E-05 9.98652E-05 9.98652E-05 9.98652E-05 9.98652E-05 9.98652E-05
9.99101E-05 0.00147691 9.99101E-05 9.99101E-05 9.99101E-05 9.99101E-05 9.99101E-05 9.99101E-05 9.99101E-05 0.00860042 9.99101E-05 0.00389632 0.00249504 0.000362004 0.00156823 9.99101E-05 0.980602
9.98652E-05 9.98652E-05 9.98652E-05 9.98652E-05 9.98652E-05 9.98652E-05 0.118217 9.98652E-05 9.98652E-05 0.880285 9.98652E-05 9.98652E-05 9.98652E-05 9.98652E-05 9.98652E-05 9.98652E-05 9.98652E-05
0.998402 9.98563E-05 9.98563E-05 9.98563E-05 9.98563E-05 9.98563E-05 9.98563E-05 9.98563E-05 9.98563E-05 9.98563E-05 9.98563E-05 9.98563E-05 9.98563E-05 9.98563E-05 9.98563E-05 9.98563E-05 9.98563E-05
9.98832E-05 9.98832E-05 9.98832E-05 0.0162689 9.98832E-05 9.98832E-05 9.98832E-05 9.98832E-05 9.98832E-05 0.825081 9.98832E-05 9.98832E-05 0.00596404 9.98832E-05 9.98832E-05 9.98832E-05 0.151387
0.907602 9.98922E-05 9.98922E-05 0.00332399 9.98922E-05 9.98922E-05 9.98922E-05 0.00274771 9.98922E-05 9.98922E-05 9.98922E-05 0.00492121 0.0802067 9.98922E-05 9.98922E-05 9.98922E-05 9.98922E-05
9.99011E-05 0.00111022 9.99011E-05 9.99011E-05 9.99011E-05 9.99011E-05 9.99011E-05 9.99011E-05 9.99011E-05 0.00683547 9.99011E-05 0.00298227 0.00183983 9.99011E-05 0.000475062 9.99011E-05 0.985658
9.99011E-05 0.000828945 9.99011E-05 9.99011E-05 9.99011E-05 9.99011E-05 9.99011E-05 9.99011E-05 9.99011E-05 0.0740894 9.99011E-05 0.00106908 0.00376946 0.00720944 9.99011E-05 9.99011E-05 0.911935
9.98652E-05 9.98652E-05 9.98652E-05 9.98652E-05 9.98652E-05 9.98652E-05 0.121252 9.98652E-05 9.98652E-05 0.87725 9.98652E-05 9.98652E-05 9.98652E-05 9.98652E-05 9.98652E-05 9.98652E-05 9.98652E-05
9.98742E-05 9.98742E-05 9.98742E-05 0.0168548 9.98742E-05 9.98742E-05 9.98742E-05 9.98742E-05 9.98742E-05 0.817463 9.98742E-05 9.98742E-05 9.98742E-05 9.98742E-05 9.98742E-05 9.98742E-05 0.164284
9.98742E-05 9.98742E-05 9.98742E-05 0.0168756 9.98742E-05 9.98742E-05 9.98742E-05 9.98742E-05 9.98742E-05 0.821968 9.98742E-05 9.98742E-05 9.98742E-05 9.98742E-05 9.98742E-05 9.98742E-05 0.159758
