9.99191E-05 9.99191E-05 0.173063 9.99191E-05 9.99191E-05 9.99191E-05 0.00865586 9.99191E-05 0.243558 9.99191E-05 9.99191E-05 0.0751356 0.498688 9.99191E-05
9.98921E-05 9.98921E-05 9.98921E-05 9.98921E-05 9.98921E-05 9.98921E-05 9.98921E-05 9.98921E-05 9.98921E-05 0.0665444 9.98921E-05 9.98921E-05 9.98921E-05 0.932257
0.0227278 9.99371E-05 0.00482979 9.99371E-05 9.99371E-05 9.99371E-05 0.0160553 0.0152811 0.881266 9.99371E-05 0.049456 9.99371E-05 0.00968472 9.99371E-05
0.987663 9.99011E-05 9.99011E-05 9.99011E-05 9.99011E-05 9.99011E-05 9.99011E-05 9.99011E-05 9.99011E-05 9.99011E-05 0.00495934 9.99011E-05 9.99011E-05 0.00627895
0.980311 0.000463166 9.99191E-05 9.99191E-05 9.99191E-05 0.000826184 9.99191E-05 9.99191E-05 9.99191E-05 9.99191E-05 0.00766466 9.99191E-05 9.99191E-05 0.00983592
0.984508 9.99058E-05 9.99058E-05 9.99058E-05 9.99058E-05 9.99058E-05 9.99058E-05 9.99058E-05 9.99058E-05 9.99058E-05 0.00632423 9.99058E-05 9.99058E-05 0.00806921
9.98832E-05 9.98832E-05 9.98832E-05 9.98832E-05 9.98832E-05 0.998702 9.98832E-05 9.98832E-05 9.98832E-05 9.98832E-05 9.98832E-05 9.98832E-05 9.98832E-05 9.98832E-05
9.99012E-05 9.99012E-05 0.0683727 9.99012E-05 9.99012E-05 9.99012E-05 9.99012E-05 9.99012E-05 9.99012E-05 9.99012E-05 9.99012E-05 0.0213519 9.99012E-05 0.909176
0.990123 9.99011E-05 9.99011E-05 9.99011E-05 9.99011E-05 9.99011E-05 9.99011E-05 9.99011E-05 9.99011E-05 9.99011E-05 0.00389092 9.99011E-05 9.99011E-05 0.0048869
0.982859 9.9915E-05 9.9915E-05 9.9915E-05 9.9915E-05 9.9915E-05 9.9915E-05 9.9915E-05 0.00432394 9.9915E-05 0.00361797 9.9915E-05 9.9915E-05 0.00820015
0.980311 0.000463166 9.99191E-05 9.99191E-05 9.99191E-05 0.000826184 9.99191E-05 9.99191E-05 9.99191E-05 9.99191E-05 0.00766466 9.99191E-05 9.99191E-05 0.00983592
0.89433 9.99011E-05 9.99011E-05 9.99011E-05 9.99011E-05 9.99011E-05 9.99011E-05 9.99011E-05 9.99011E-05 9.99011E-05 9.99011E-05 0.0621047 9.99011E-05 0.0424664
0.987663 9.99011E-05 9.99011E-05 9.99011E-05 9.99011E-05 9.99011E-05 9.99011E-05 9.99011E-05 9.99011E-05 9.99011E-05 0.00495934 9.99011E-05 9.99011E-05 0.00627895
0.984168 9.9915E-05 9.9915E-05 9.9915E-05 9.9915E-05 9.9915E-05 9.9915E-05 9.9915E-05 0.00104305 9.9915E-05 0.0056789 9.9915E-05 9.9915E-05 0.00811054
0.998702 9.98832E-05 9.98832E-05 9.98832E-05 9.98832E-05 9.98832E-05 9.98832E-05 9.98832E-05 9.98832E-05 9.98832E-05 9.98832E-05 9.98832E-05 9.98832E-05 9.98832E-05
0.0744794 9.98922E-05 9.98922E-05 9.98922E-05 9.98922E-05 9.98922E-05 9.98922E-05 9.98922E-05 9.98922E-05 9.98922E-05 9.98922E-05 9.98922E-05 9.98922E-05 0.924322
0.982645 9.99146E-05 9.99146E-05 9.99146E-05 9.99146E-05 9.99146E-05 9.99146E-05 9.99146E-05 0.00495336 9.99146E-05 0.00320652 9.99146E-05 9.99146E-05 0.00819641
0.986802 9.99101E-05 9.99101E-05 9.99101E-05 9.99101E-05 9.99101E-05 9.99101E-05 9.99101E-05 0.00231535 9.99101E-05 0.00352058 9.99101E-05 9.99101E-05 0.00636256
9.98921E-05 9.98921E-05 9.98921E-05 9.98921E-05 0.940615 9.98921E-05 9.98921E-05 9.98921E-05 9.98921E-05 9.98921E-05 9.98921E-05 9.98921E-05 9.98921E-05 0.058186
0.0141455 9.99371E-05 0.00193002 9.99371E-05 9.99371E-05 9.99371E-05 0.00840261 0.0074253 0.934885 9.99371E-05 0.0275943 9.99371E-05 0.00491798 9.99371E-05
9.98832E-05 9.98832E-05 9.98832E-05 9.98832E-05 9.98832E-05 9.98832E-05 9.98832E-05 9.98832E-05 0.998702 9.98832E-05 9.98832E-05 9.98832E-05 9.98832E-05 9.98832E-05
0.994032 9.99011E-05 9.99011E-05 9.99011E-05 9.99011E-05 9.99011E-05 9.99011E-05 9.99011E-05 9.99011E-05 9.99011E-05 0.00220413 9.99011E-05 9.99011E-05 0.00266478
0.0138768 9.9946E-05 0.0038492 9.9946E-05 9.9946E-05 9.9946E-05 0.0126861 0.0122578 0.901782 0.00236462 0.0449079 9.9946E-05 0.00767556 9.9946E-05
0.985987 9.99011E-05 9.99011E-05 9.99011E-05 0.00129474 9.99011E-05 9.99011E-05 9.99011E-05 9.99011E-05 9.99011E-05 0.0116194 9.99011E-05 9.99011E-05 9.99011E-05
0.025542 9.99371E-05 0.00467617 9.99371E-05 9.99371E-05 9.99371E-05 0.0161352 0.0150366 0.883051 9.99371E-05 0.0453312 9.99371E-05 0.00952852 9.99371E-05
9.99011E-05 0.00357255 9.99011E-05 9.99011E-05 9.99011E-05 9.99011E-05 9.99011E-05 9.99011E-05 9.99011E-05 9.99011E-05 9.99011E-05 9.99011E-05 0.112893 0.882435
0.984343 9.99144E-05 9.99144E-05 9.99144E-05 9.99144E-05 9.99144E-05 9.99144E-05 9.99144E-05 0.000724789 9.99144E-05 0.00585806 9.99144E-05 9.99144E-05 0.00807481
0.974104 9.99191E-05 9.99191E-05 9.99191E-05 9.99191E-05 0.011394 9.99191E-05 9.99191E-05 0.00162631 9.99191E-05 0.00688305 9.99191E-05 9.99191E-05 0.00509332
0.170239 9.98922E-05 9.98922E-05 9.98922E-05 9.98922E-05 0.828562 9.98922E-05 9.98922E-05 9.98922E-05 9.98922E-05 9.98922E-05 9.98922E-05 9.98922E-05 9.98922E-05
9.98832E-05 9.98832E-05 9.98832E-05 9.98832E-05 0.998702 9.98832E-05 9.98832E-05 9.98832E-05 9.98832E-05 9.98832E-05 9.98832E-05 9.98832E-05 9.98832E-05 9.98832E-05
0.114107 9.98922E-05 9.98922E-05 9.98922E-05 9.98922E-05 9.98922E-05 9.98922E-05 9.98922E-05 9.98922E-05 9.98922E-05 9.98922E-05 9.98922E-05 9.98922E-05 0.884695
0.980311 0.000463166 9.99191E-05 9.99191E-05 9.99191E-05 0.000826184 9.99191E-05 9.99191E-05 9.99191E-05 9.99191E-05 0.00766466 9.99191E-05 9.99191E-05 0.00983592
9.98922E-05 9.98922E-05 9.98922E-05 9.98922E-05 0.117774 9.98922E-05 9.98922E-05 9.98922E-05 9.98922E-05 9.98922E-05 9.98922E-05 9.98922E-05 9.98922E-05 0.881027
0.980311 0.000463166 9.99191E-05 9.99191E-05 9.99191E-05 0.000826184 9.99191E-05 9.99191E-05 9.99191E-05 9.99191E-05 0.00766466 9.99191E-05 9.99191E-05 0.00983592
0.0275747 9.9946E-05 0.00592764 9.9946E-05 9.9946E-05 9.9946E-05 0.0196036 0.0192379 0.85783 9.9946E-05 0.0564776 0.000515399 0.0122331 9.9946E-05
0.986638 9.99011E-05 9.99011E-05 9.99011E-05 9.99011E-05 9.99011E-05 9.99011E-05 9.99011E-05 9.99011E-05 9.99011E-05 0.00539892 9.99011E-05 9.99011E-05 0.00686388
0.984508 9.99058E-05 9.99058E-05 9.99058E-05 9.99058E-05 9.99058E-05 9.99058E-05 9.99058E-05 9.99058E-05 9.99058E-05 0.00632423 9.99058E-05 9.99058E-05 0.00806921
9.98922E-05 9.98922E-05 9.98922E-05 9.98922E-05 0.787204 9.98922E-05 9.98922E-05 9.98922E-05 9.98922E-05 9.98922E-05 9.98922E-05 9.98922E-05 9.98922E-05 0.211598
0.102213 9.99011E-05 9.99011E-05 9.99011E-05 9.99011E-05 9.99011E-05 9.99011E-05 9.99011E-05 9.99011E-05 9.99011E-05 0.00160283 9.99011E-05 9.99011E-05 0.895085
0.997883 9.98922E-05 9.98922E-05 9.98922E-05 9.98922E-05 9.98922E-05 9.98922E-05 9.98922E-05 9.98922E-05 9.98922E-05 9.98922E-05 9.98922E-05 9.98922E-05 0.000918566
9.98801E-05 9.98801E-05 0.0885268 9.98801E-05 9.98801E-05 9.98801E-05 9.98801E-05 9.98801E-05 0.910275 9.98801E-05 9.98801E-05 9.98801E-05 9.98801E-05 9.98801E-05
0.0161056 9.99371E-05 0.0026898 9.99371E-05 9.99371E-05 9.99371E-05 0.00988498 0.00911483 0.925176 9.99371E-05 0.0306893 9.99371E-05 0.00563968 9.99371E-05
0.0141455 9.99371E-05 0.00193002 9.99371E-05 9.99371E-05 9.99371E-05 0.00840261 0.0074253 0.934885 9.99371E-05 0.0275943 9.99371E-05 0.00491798 9.99371E-05
0.861797 9.99191E-05 0.0324684 9.99191E-05 9.99191E-05 9.99191E-05 9.99191E-05 9.99191E-05 9.99191E-05 9.99191E-05 9.99191E-05 0.0119933 0.0926623 0.000179828
0.524703 0.00236939 0.00673605 9.99371E-05 9.99371E-05 9.99371E-05 0.0165814 0.01146 0.437092 9.99371E-05 9.99371E-05 9.99371E-05 9.99371E-05 0.0003585
0.838399 0.0232534 0.0402134 9.99371E-05 9.99371E-05 0.00333925 9.99371E-05 9.99371E-05 9.99371E-05 9.99371E-05 9.99371E-05 0.0146865 0.0710021 0.00840708
0.966792 9.99011E-05 9.99011E-05 9.99011E-05 9.99011E-05 9.99011E-05 9.99011E-05 9.99011E-05 0.0242524 9.99011E-05 9.99011E-05 9.99011E-05 9.99011E-05 0.00785697
0.114091 9.98922E-05 9.98922E-05 9.98922E-05 9.98922E-05 9.98922E-05 9.98922E-05 9.98922E-05 9.98922E-05 9.98922E-05 9.98922E-05 9.98922E-05 9.98922E-05 0.88471
9.98922E-05 9.98922E-05 9.98922E-05 9.98922E-05 0.116183 9.98922E-05 9.98922E-05 9.98922E-05 9.98922E-05 9.98922E-05 9.98922E-05 9.98922E-05 9.98922E-05 0.882618
0.899245 0.00211416 0.0698063 9.99168E-05 9.99168E-05 9.99168E-05 9.99168E-05 9.99168E-05 9.99168E-05 9.99168E-05 9.99168E-05 0.0278358 9.99168E-05 9.99168E-05
0.971094 9.99012E-05 9.99012E-05 9.99012E-05 0.0158017 9.99012E-05 9.99012E-05 9.99012E-05 9.99012E-05 9.99012E-05 0.0120059 9.99012E-05 9.99012E-05 9.99012E-05
0.987588 9.99011E-05 9.99011E-05 9.99011E-05 9.99011E-05 9.99011E-05 9.99011E-05 9.99011E-05 9.99011E-05 9.99011E-05 0.00499175 9.99011E-05 9.99011E-05 0.00632118
0.0374943 9.98922E-05 9.98922E-05 9.98922E-05 9.98922E-05 9.98922E-05 9.98922E-05 9.98922E-05 9.98922E-05 9.98922E-05 9.98922E-05 9.98922E-05 9.98922E-05 0.961307
9.99191E-05 9.99191E-05 0.0277146 9.99191E-05 0.120161 9.99191E-05 9.99191E-05 9.99191E-05 9.99191E-05 9.99191E-05 9.99191E-05 0.0109464 0.0685578 0.771721
0.998702 9.98832E-05 9.98832E-05 9.98832E-05 9.98832E-05 9.98832E-05 9.98832E-05 9.98832E-05 9.98832E-05 9.98832E-05 9.98832E-05 9.98832E-05 9.98832E-05 9.98832E-05
0.139009 9.98921E-05 9.98921E-05 9.98921E-05 9.98921E-05 9.98921E-05 9.98921E-05 9.98921E-05 9.98921E-05 9.98921E-05 9.98921E-05 9.98921E-05 9.98921E-05 0.859792
0.876597 9.99102E-05 0.0193253 9.99102E-05 9.99102E-05 9.99102E-05 9.99102E-05 9.99102E-05 9.99102E-05 9.99102E-05 9.99102E-05 0.010926 0.0921526 9.99102E-05
9.99011E-05 9.99011E-05 0.988423 9.99011E-05 9.99011E-05 9.99011E-05 9.99011E-05 9.99011E-05 9.99011E-05 9.99011E-05 9.99011E-05 0.0042127 0.00626578 9.99011E-05
0.984895 9.99011E-05 9.99011E-05 9.99011E-05 9.99011E-05 9.99011E-05 9.99011E-05 9.99011E-05 9.99011E-05 9.99011E-05 0.00763072 9.99011E-05 9.99011E-05 0.00637537
0.855227 9.99011E-05 9.99011E-05 9.99011E-05 9.99011E-05 9.99011E-05 0.137706 9.99011E-05 9.99011E-05 9.99011E-05 9.99011E-05 9.99011E-05 9.99011E-05 0.00596902
0.114107 9.98922E-05 9.98922E-05 9.98922E-05 9.98922E-05 9.98922E-05 9.98922E-05 9.98922E-05 9.98922E-05 9.98922E-05 9.98922E-05 9.98922E-05 9.98922E-05 0.884695
9.98832E-05 9.98832E-05 9.98832E-05 9.98832E-05 9.98832E-05 9.98832E-05 9.98832E-05 9.98832E-05 9.98832E-05 9.98832E-05 9.98832E-05 9.98832E-05 0.998702 9.98832E-05
9.98921E-05 9.98921E-05 9.98921E-05 9.98921E-05 0.123755 9.98921E-05 9.98921E-05 9.98921E-05 9.98921E-05 9.98921E-05 9.98921E-05 9.98921E-05 9.98921E-05 0.875047
0.0231266 9.99371E-05 0.00440961 9.99371E-05 9.99371E-05 9.99371E-05 0.0166792 0.0156289 0.875646 9.99371E-05 0.0529631 9.99371E-05 0.010847 9.99371E-05
0.475924 0.00305434 0.00613592 0.0772174 9.9946E-05 9.9946E-05 0.0139843 0.00962731 0.40883 9.9946E-05 9.9946E-05 9.9946E-05 9.9946E-05 0.0046276
0.0213887 9.9946E-05 0.0493496 9.9946E-05 9.9946E-05 9.9946E-05 0.0136311 0.0129599 0.712157 9.9946E-05 0.0375027 0.0192634 0.133148 9.9946E-05
0.0879442 9.99011E-05 9.99011E-05 9.99011E-05 9.99011E-05 9.99011E-05 9.99011E-05 9.99011E-05 9.99011E-05 9.99011E-05 0.0150478 9.99011E-05 9.99011E-05 0.895909
0.0873083 9.99011E-05 9.99011E-05 9.99011E-05 9.99011E-05 9.99011E-05 9.99011E-05 9.99011E-05 9.99011E-05 9.99011E-05 0.0149278 9.99011E-05 9.99011E-05 0.896665
9.98922E-05 9.98922E-05 9.98922E-05 9.98922E-05 0.117252 9.98922E-05 9.98922E-05 9.98922E-05 9.98922E-05 9.98922E-05 9.98922E-05 9.98922E-05 9.98922E-05 0.88155
9.99101E-05 9.99101E-05 9.99101E-05 9.99101E-05 0.11692 9.99101E-05 9.99101E-05 9.99101E-05 0.104559 9.99101E-05 0.26607 9.99101E-05 9.99101E-05 0.511452
9.99011E-05 9.99011E-05 9.99011E-05 9.99011E-05 0.00172115 9.99011E-05 9.99011E-05 9.99011E-05 0.0467165 9.99011E-05 9.99011E-05 9.99011E-05 0.950463 9.99011E-05
0.997648 9.99011E-05 9.99011E-05 9.99011E-05 9.99011E-05 9.99011E-05 9.99011E-05 9.99011E-05 9.99011E-05 9.99011E-05 0.000628902 9.99011E-05 9.99011E-05 0.000624629
9.99191E-05 9.99191E-05 0.813631 9.99191E-05 9.99191E-05 9.99191E-05 9.99191E-05 0.013445 0.0245453 9.99191E-05 9.99191E-05 0.0602155 0.0872642 9.99191E-05
9.98832E-05 9.98832E-05 9.98832E-05 9.98832E-05 9.98832E-05 9.98832E-05 9.98832E-05 9.98832E-05 9.98832E-05 9.98832E-05 9.98832E-05 9.98832E-05 0.998702 9.98832E-05
9.98832E-05 9.98832E-05 9.98832E-05 9.98832E-05 9.98832E-05 0.998702 9.98832E-05 9.98832E-05 9.98832E-05 9.98832E-05 9.98832E-05 9.98832E-05 9.98832E-05 9.98832E-05
9.98921E-05 9.98921E-05 9.98921E-05 0.0571913 9.98921E-05 9.98921E-05 9.98921E-05 9.98921E-05 9.98921E-05 9.98921E-05 0.94161 9.98921E-05 9.98921E-05 9.98921E-05
0.0154948 9.9946E-05 0.00432144 9.9946E-05 9.9946E-05 0.00135874 0.0142599 0.0137306 0.892128 9.9946E-05 0.0495124 9.9946E-05 0.00859451 9.9946E-05
9.98832E-05 9.98832E-05 9.98832E-05 9.98832E-05 9.98832E-05 9.98832E-05 9.98832E-05 0.998702 9.98832E-05 9.98832E-05 9.98832E-05 9.98832E-05 9.98832E-05 9.98832E-05
9.98832E-05 9.98832E-05 0.998702 9.98832E-05 9.98832E-05 9.98832E-05 9.98832E-05 9.98832E-05 9.98832E-05 9.98832E-05 9.98832E-05 9.98832E-05 9.98832E-05 9.98832E-05
0.984508 9.99058E-05 9.99058E-05 9.99058E-05 9.99058E-05 9.99058E-05 9.99058E-05 9.99058E-05 9.99058E-05 9.99058E-05 0.00632423 9.99058E-05 9.99058E-05 0.00806921
9.99101E-05 9.99101E-05 9.99101E-05 9.99101E-05 9.99101E-05 9.99101E-05 0.0111674 0.926691 0.0563727 9.99101E-05 0.00476951 9.99101E-05 9.99101E-05 9.99101E-05
0.841403 0.0208639 9.99191E-05 9.99191E-05 9.99191E-05 0.00540929 9.99191E-05 9.99191E-05 9.99191E-05 9.99191E-05 9.99191E-05 9.99191E-05 0.112848 0.0185762
0.143292 9.98922E-05 9.98922E-05 9.98922E-05 9.98922E-05 9.98922E-05 9.98922E-05 9.98922E-05 9.98922E-05 9.98922E-05 9.98922E-05 9.98922E-05 9.98922E-05 0.855509
0.158153 9.98921E-05 9.98921E-05 9.98921E-05 9.98921E-05 9.98921E-05 9.98921E-05 9.98921E-05 9.98921E-05 9.98921E-05 9.98921E-05 9.98921E-05 9.98921E-05 0.840648
0.0283709 9.9946E-05 0.00580937 9.9946E-05 9.9946E-05 9.9946E-05 0.0192045 0.0187136 0.86043 9.9946E-05 0.0546143 0.000348573 0.011909 9.9946E-05
9.99101E-05 9.99101E-05 0.867585 9.99101E-05 9.99101E-05 9.99101E-05 9.99101E-05 9.99101E-05 0.0244798 9.99101E-05 9.99101E-05 0.0434049 0.0635314 9.99101E-05
9.98832E-05 9.98832E-05 9.98832E-05 9.98832E-05 9.98832E-05 9.98832E-05 9.98832E-05 9.98832E-05 0.998702 9.98832E-05 9.98832E-05 9.98832E-05 9.98832E-05 9.98832E-05
0.266896 9.99191E-05 9.99191E-05 9.99191E-05 9.99191E-05 9.99191E-05 9.99191E-05 0.00287734 0.23088 9.99191E-05 0.494956 9.99191E-05 0.00349096 9.99191E-05
9.98922E-05 9.98922E-05 0.865418 9.98922E-05 9.98922E-05 9.98922E-05 9.98922E-05 9.98922E-05 9.98922E-05 9.98922E-05 9.98922E-05 9.98922E-05 9.98922E-05 0.133383
0.989466 9.99011E-05 9.99011E-05 9.99011E-05 9.99011E-05 9.99011E-05 9.99011E-05 9.99011E-05 9.99011E-05 9.99011E-05 0.00417102 9.99011E-05 9.99011E-05 0.00526404
9.98921E-05 9.98921E-05 9.98921E-05 9.98921E-05 0.125263 9.98921E-05 9.98921E-05 9.98921E-05 9.98921E-05 9.98921E-05 9.98921E-05 9.98921E-05 9.98921E-05 0.873538
9.98832E-05 9.98832E-05 9.98832E-05 9.98832E-05 9.98832E-05 9.98832E-05 9.98832E-05 9.98832E-05 9.98832E-05 9.98832E-05 9.98832E-05 9.98832E-05 0.998702 9.98832E-05
0.989494 9.99011E-05 9.99011E-05 9.99011E-05 9.99011E-05 9.99011E-05 9.99011E-05 9.99011E-05 9.99011E-05 9.99011E-05 0.00415878 9.99011E-05 9.99011E-05 0.0052481
0.989403 9.99011E-05 9.99011E-05 9.99011E-05 9.99011E-05 9.99011E-05 9.99011E-05 9.99011E-05 9.99011E-05 9.99011E-05 0.00419856 9.99011E-05 9.99011E-05 0.00529993
0.980311 0.000463166 9.99191E-05 9.99191E-05 9.99191E-05 0.000826184 9.99191E-05 9.99191E-05 9.99191E-05 9.99191E-05 0.00766466 9.99191E-05 9.99191E-05 0.00983592
9.98832E-05 9.98832E-05 9.98832E-05 9.98832E-05 9.98832E-05 9.98832E-05 9.98832E-05 9.98832E-05 9.98832E-05 9.98832E-05 9.98832E-05 9.98832E-05 0.998702 9.98832E-05
0.986993 9.99011E-05 9.99011E-05 9.99011E-05 9.99011E-05 9.99011E-05 9.99011E-05 9.99011E-05 9.99011E-05 9.99011E-05 0.00524495 9.99011E-05 9.99011E-05 0.00666327
0.0270713 9.9946E-05 0.00581208 9.9946E-05 9.9946E-05 9.9946E-05 0.0192263 0.0187316 0.860788 9.9946E-05 0.0555101 0.000348161 0.011913 9.9946E-05
0.0265128 9.9946E-05 0.00569952 9.9946E-05 9.9946E-05 9.9946E-05 0.0186827 0.0182906 0.863994 9.9946E-05 0.054261 0.000301931 0.011658 9.9946E-05
0.0311743 0.0169899 9.99191E-05 9.99191E-05 9.99191E-05 0.00171804 9.99191E-05 9.99191E-05 9.99191E-05 9.99191E-05 9.99191E-05 9.99191E-05 0.10642 0.842798
9.99011E-05 9.99011E-05 0.0710195 9.99011E-05 9.99011E-05 9.99011E-05 9.99011E-05 9.99011E-05 9.99011E-05 0.067077 9.99011E-05 9.99011E-05 9.99011E-05 0.860805
0.0871306 9.99011E-05 9.99011E-05 9.99011E-05 9.99011E-05 9.99011E-05 9.99011E-05 9.99011E-05 0.0732131 9.99011E-05 0.838557 9.99011E-05 9.99011E-05 9.99011E-05
9.99281E-05 9.99281E-05 0.79556 9.99281E-05 9.99281E-05 9.99281E-05 0.00426581 0.00437795 0.149752 9.99281E-05 0.0253892 0.0198555 9.99281E-05 9.99281E-05
0.927555 9.99011E-05 9.99011E-05 9.99011E-05 9.99011E-05 9.99011E-05 9.99011E-05 9.99011E-05 0.0699823 9.99011E-05 9.99011E-05 9.99011E-05 9.99011E-05 0.00136381
0.923507 9.99011E-05 9.99011E-05 9.99011E-05 9.99011E-05 9.99011E-05 9.99011E-05 9.99011E-05 0.0699824 9.99011E-05 9.99011E-05 9.99011E-05 9.99011E-05 0.00541205
9.98832E-05 9.98832E-05 0.998702 9.98832E-05 9.98832E-05 9.98832E-05 9.98832E-05 9.98832E-05 9.98832E-05 9.98832E-05 9.98832E-05 9.98832E-05 9.98832E-05 9.98832E-05
9.99011E-05 9.99011E-05 0.934686 9.99011E-05 9.99011E-05 9.99011E-05 9.99011E-05 9.99011E-05 0.0578669 9.99011E-05 0.00634862 9.99011E-05 9.99011E-05 9.99011E-05
0.989483 9.99101E-05 0.00262605 9.99101E-05 9.99101E-05 0.000378178 9.99101E-05 9.99101E-05 9.99101E-05 0.00651353 9.99101E-05 9.99101E-05 9.99101E-05 9.99101E-05
0.819568 9.99101E-05 9.99101E-05 0.00531739 0.127879 9.99101E-05 9.99101E-05 9.99101E-05 9.99101E-05 9.99101E-05 9.99101E-05 9.99101E-05 9.99101E-05 0.046236
0.980311 0.000463166 9.99191E-05 9.99191E-05 9.99191E-05 0.000826184 9.99191E-05 9.99191E-05 9.99191E-05 9.99191E-05 0.00766466 9.99191E-05 9.99191E-05 0.00983592
0.998702 9.98832E-05 9.98832E-05 9.98832E-05 9.98832E-05 9.98832E-05 9.98832E-05 9.98832E-05 9.98832E-05 9.98832E-05 9.98832E-05 9.98832E-05 9.98832E-05 9.98832E-05
0.998702 9.98832E-05 9.98832E-05 9.98832E-05 9.98832E-05 9.98832E-05 9.98832E-05 9.98832E-05 9.98832E-05 9.98832E-05 9.98832E-05 9.98832E-05 9.98832E-05 9.98832E-05
9.99371E-05 9.99371E-05 0.00435211 9.99371E-05 9.99371E-05 9.99371E-05 0.0156263 0.0144384 0.885853 9.99371E-05 0.0445448 9.99371E-05 0.00904518 0.0254405
0.0147249 9.99371E-05 0.00204949 9.99371E-05 9.99371E-05 9.99371E-05 0.00498967 0.00451237 0.957679 9.99371E-05 0.0128333 9.99371E-05 0.00251213 9.99371E-05
0.0204807 9.9946E-05 0.00472855 9.9946E-05 9.9946E-05 9.9946E-05 0.015202 0.0140729 0.891922 9.9946E-05 0.0433868 9.9946E-05 0.00906019 0.000547305
0.998702 9.98832E-05 9.98832E-05 9.98832E-05 9.98832E-05 9.98832E-05 9.98832E-05 9.98832E-05 9.98832E-05 9.98832E-05 9.98832E-05 9.98832E-05 9.98832E-05 9.98832E-05
0.0205757 9.99371E-05 0.00362555 9.99371E-05 9.99371E-05 9.99371E-05 0.0147167 0.0133473 0.895287 9.99371E-05 0.0421666 9.99371E-05 0.00958211 9.99371E-05
0.980311 0.000463166 9.99191E-05 9.99191E-05 9.99191E-05 0.000826184 9.99191E-05 9.99191E-05 9.99191E-05 9.99191E-05 0.00766466 9.99191E-05 9.99191E-05 0.00983592
9.98921E-05 9.98921E-05 9.98921E-05 9.98921E-05 9.98921E-05 9.98921E-05 9.98921E-05 9.98921E-05 9.98921E-05 0.0671086 9.98921E-05 9.98921E-05 9.98921E-05 0.931693
0.254891 0.00159755 9.99191E-05 9.99191E-05 9.99191E-05 9.99191E-05 9.99191E-05 9.99191E-05 0.238866 9.99191E-05 0.503549 9.99191E-05 0.00019695 9.99191E-05
9.99281E-05 9.99281E-05 0.42638 9.99281E-05 9.99281E-05 9.99281E-05 0.00349387 0.00316977 0.118146 9.99281E-05 9.99281E-05 0.182785 0.265226 9.99281E-05
0.00678571 9.9946E-05 0.0841339 9.9946E-05 9.9946E-05 9.9946E-05 0.0197292 0.009592 0.564435 9.9946E-05 0.0171192 0.0398682 0.257738 9.9946E-05
0.264274 9.99191E-05 9.99191E-05 9.99191E-05 9.99191E-05 9.99191E-05 9.99191E-05 0.00203303 0.22644 9.99191E-05 0.503873 9.99191E-05 0.00248139 9.99191E-05
0.0159221 9.99371E-05 0.214257 9.99371E-05 9.99371E-05 9.99371E-05 0.0107255 0.00947979 0.673438 9.99371E-05 0.0390175 9.99371E-05 0.0364608 9.99371E-05
0.0234748 9.99371E-05 0.00499066 9.99371E-05 9.99371E-05 9.99371E-05 0.0171734 0.0162028 0.878208 9.99371E-05 0.048439 9.99371E-05 0.0108121 9.99371E-05
0.0245276 9.99371E-05 0.00513991 9.99371E-05 9.99371E-05 9.99371E-05 0.017423 0.0163763 0.875014 9.99371E-05 0.0504026 9.99371E-05 0.0104166 9.99371E-05
0.258643 9.99281E-05 0.0408472 9.99281E-05 9.99281E-05 9.99281E-05 9.99281E-05 9.99281E-05 0.0762951 9.99281E-05 0.478923 0.0172998 0.127193 9.99281E-05
0.0261514 9.9946E-05 0.005704 9.9946E-05 9.9946E-05 9.9946E-05 0.0188002 0.0182041 0.862433 9.9946E-05 0.0563669 0.000182579 0.0115579 9.9946E-05
9.98921E-05 9.98921E-05 9.98921E-05 9.98921E-05 9.98921E-05 9.98921E-05 9.98921E-05 9.98921E-05 9.98921E-05 0.0671086 9.98921E-05 9.98921E-05 9.98921E-05 0.931693
0.0215362 9.99371E-05 0.00404024 9.99371E-05 9.99371E-05 9.99371E-05 0.0156747 0.0144383 0.888914 9.99371E-05 0.0443543 9.99371E-05 0.0103426 9.99371E-05
0.0158276 9.9946E-05 0.0478845 9.9946E-05 9.9946E-05 9.9946E-05 0.0101465 0.00870563 0.740118 9.9946E-05 0.0264611 0.0184137 0.131844 9.9946E-05
9.99281E-05 9.99281E-05 0.299033 9.99281E-05 9.99281E-05 9.99281E-05 0.00624021 0.00701144 0.177356 9.99281E-05 9.99281E-05 0.129548 0.380012 9.99281E-05
0.0122622 9.9946E-05 0.047516 9.9946E-05 9.9946E-05 9.9946E-05 0.00949342 0.185538 0.566801 9.9946E-05 0.0297972 0.0174033 0.130589 9.9946E-05
9.99191E-05 9.99191E-05 0.0413247 9.99191E-05 9.99191E-05 9.99191E-05 9.99191E-05 9.99191E-05 9.99191E-05 9.99191E-05 0.310872 0.0115205 0.119406 0.515977
9.98922E-05 9.98922E-05 9.98922E-05 9.98922E-05 9.98922E-05 9.98922E-05 9.98922E-05 9.98922E-05 9.98922E-05 0.0603055 9.98922E-05 9.98922E-05 9.98922E-05 0.938496
0.305905 9.99012E-05 9.99012E-05 9.99012E-05 9.99012E-05 9.99012E-05 9.99012E-05 9.99012E-05 0.205893 9.99012E-05 0.487102 9.99012E-05 9.99012E-05 9.99012E-05
0.0229577 9.9946E-05 0.00541086 9.9946E-05 9.9946E-05 9.9946E-05 0.0186384 0.0171739 0.868913 9.9946E-05 0.0552272 0.00018008 0.0108993 9.9946E-05
0.267058 9.99191E-05 9.99191E-05 9.99191E-05 9.99191E-05 9.99191E-05 9.99191E-05 0.00239653 0.230293 9.99191E-05 0.496369 9.99191E-05 0.00298429 9.99191E-05
9.98921E-05 9.98921E-05 9.98921E-05 0.0583252 9.98921E-05 9.98921E-05 9.98921E-05 9.98921E-05 9.98921E-05 9.98921E-05 0.940476 9.98921E-05 9.98921E-05 9.98921E-05
0.0234748 9.99371E-05 0.00499066 9.99371E-05 9.99371E-05 9.99371E-05 0.0171734 0.0162028 0.878208 9.99371E-05 0.048439 9.99371E-05 0.0108121 9.99371E-05
0.0104252 9.99371E-05 0.00287747 9.99371E-05 9.99371E-05 9.99371E-05 0.00670444 0.00629081 0.949405 9.99371E-05 0.0202258 9.99371E-05 0.00337194 9.99371E-05
0.0275747 9.9946E-05 0.00592764 9.9946E-05 9.9946E-05 9.9946E-05 0.0196036 0.0192379 0.85783 9.9946E-05 0.0564776 0.000515399 0.0122331 9.9946E-05
0.980311 0.000463166 9.99191E-05 9.99191E-05 9.99191E-05 0.000826184 9.99191E-05 9.99191E-05 9.99191E-05 9.99191E-05 0.00766466 9.99191E-05 9.99191E-05 0.00983592
0.0234748 9.99371E-05 0.00499066 9.99371E-05 9.99371E-05 9.99371E-05 0.0171734 0.0162028 0.878208 9.99371E-05 0.048439 9.99371E-05 0.0108121 9.99371E-05
0.988503 9.99101E-05 9.99101E-05 9.99101E-05 9.99101E-05 0.00186692 9.99101E-05 9.99101E-05 9.99101E-05 9.99101E-05 0.0037752 9.99101E-05 9.99101E-05 0.00485587
9.99011E-05 9.99011E-05 9.99011E-05 0.00374054 0.124377 9.99011E-05 9.99011E-05 9.99011E-05 9.99011E-05 9.99011E-05 9.99011E-05 9.99011E-05 9.99011E-05 0.870783
0.0210647 9.99371E-05 0.00483392 9.99371E-05 9.99371E-05 9.99371E-05 0.0164956 0.0273516 0.867777 9.99371E-05 0.0521137 9.99371E-05 0.00966381 9.99371E-05
0.0270713 9.9946E-05 0.00581208 9.9946E-05 9.9946E-05 9.9946E-05 0.0192263 0.0187316 0.860788 9.9946E-05 0.0555101 0.000348161 0.011913 9.9946E-05
9.99281E-05 9.99281E-05 0.00791807 9.99281E-05 0.116061 9.99281E-05 0.014966 0.0131321 0.845728 9.99281E-05 9.99281E-05 0.00139463 9.99281E-05 9.99281E-05
0.0104252 9.99371E-05 0.00287747 9.99371E-05 9.99371E-05 9.99371E-05 0.00670444 0.00629081 0.949405 9.99371E-05 0.0202258 9.99371E-05 0.00337194 9.99371E-05
9.98832E-05 9.98832E-05 0.998702 9.98832E-05 9.98832E-05 9.98832E-05 9.98832E-05 9.98832E-05 9.98832E-05 9.98832E-05 9.98832E-05 9.98832E-05 9.98832E-05 9.98832E-05
9.98832E-05 9.98832E-05 0.998702 9.98832E-05 9.98832E-05 9.98832E-05 9.98832E-05 9.98832E-05 9.98832E-05 9.98832E-05 9.98832E-05 9.98832E-05 9.98832E-05 9.98832E-05
9.99191E-05 9.99191E-05 0.167841 9.99191E-05 9.99191E-05 9.99191E-05 0.00776715 9.99191E-05 0.235716 9.99191E-05 9.99191E-05 0.071963 0.515814 9.99191E-05
0.0229577 9.9946E-05 0.00541086 9.9946E-05 9.9946E-05 9.9946E-05 0.0186384 0.0171739 0.868913 9.9946E-05 0.0552272 0.00018008 0.0108993 9.9946E-05
0.0168592 9.9946E-05 0.00586474 9.9946E-05 9.9946E-05 9.9946E-05 0.0189656 0.0186437 0.851681 9.9946E-05 0.0754629 0.000350458 0.0115726 9.9946E-05
0.0279588 9.9946E-05 0.00550326 9.9946E-05 9.9946E-05 9.9946E-05 0.0181274 0.0175654 0.868124 9.9946E-05 0.0506874 0.000224067 0.0112094 9.9946E-05
0.02602 9.9946E-05 0.00559896 9.9946E-05 9.9946E-05 9.9946E-05 0.0185886 0.0178668 0.86624 9.9946E-05 0.0535769 0.000140689 0.0113688 9.9946E-05
0.00163734 9.9946E-05 0.124284 0.000299452 9.9946E-05 9.9946E-05 0.0147617 0.00398996 0.406522 9.9946E-05 9.9946E-05 0.0566548 0.391252 9.9946E-05
0.0229577 9.9946E-05 0.00541086 9.9946E-05 9.9946E-05 9.9946E-05 0.0186384 0.0171739 0.868913 9.9946E-05 0.0552272 0.00018008 0.0108993 9.9946E-05
0.00990104 9.99371E-05 0.00266049 9.99371E-05 9.99371E-05 9.99371E-05 0.00615444 0.00571343 0.952858 9.99371E-05 0.0190427 9.99371E-05 0.00297079 9.99371E-05
0.998702 9.98832E-05 9.98832E-05 9.98832E-05 9.98832E-05 9.98832E-05 9.98832E-05 9.98832E-05 9.98832E-05 9.98832E-05 9.98832E-05 9.98832E-05 9.98832E-05 9.98832E-05
0.0222664 9.99371E-05 0.00329856 9.99371E-05 9.99371E-05 9.99371E-05 0.00756045 0.00696064 0.934276 9.99371E-05 0.0202034 9.99371E-05 0.00473464 9.99371E-05
0.0210011 9.99371E-05 0.00329684 9.99371E-05 9.99371E-05 9.99371E-05 0.00755967 0.00695605 0.93478 9.99371E-05 0.0209751 9.99371E-05 0.00473202 9.99371E-05
0.0210011 9.99371E-05 0.00329684 9.99371E-05 9.99371E-05 9.99371E-05 0.00755967 0.00695605 0.93478 9.99371E-05 0.0209751 9.99371E-05 0.00473202 9.99371E-05
0.0103389 9.99011E-05 9.99011E-05 9.99011E-05 9.99011E-05 9.99011E-05 9.99011E-05 9.99011E-05 9.99011E-05 9.99011E-05 0.00889386 9.99011E-05 9.99011E-05 0.979668
0.0374943 9.98922E-05 9.98922E-05 9.98922E-05 9.98922E-05 9.98922E-05 9.98922E-05 9.98922E-05 9.98922E-05 9.98922E-05 9.98922E-05 9.98922E-05 9.98922E-05 0.961307
0.11702 9.99011E-05 9.99011E-05 9.99011E-05 9.99011E-05 9.99011E-05 9.99011E-05 0.039748 9.99011E-05 9.99011E-05 9.99011E-05 9.99011E-05 9.99011E-05 0.842133
0.0374943 9.98922E-05 9.98922E-05 9.98922E-05 9.98922E-05 9.98922E-05 9.98922E-05 9.98922E-05 9.98922E-05 9.98922E-05 9.98922E-05 9.98922E-05 9.98922E-05 0.961307
9.98922E-05 9.98922E-05 9.98922E-05 9.98922E-05 0.122527 9.98922E-05 9.98922E-05 9.98922E-05 9.98922E-05 9.98922E-05 9.98922E-05 9.98922E-05 9.98922E-05 0.876274
0.14174 9.98921E-05 9.98921E-05 9.98921E-05 9.98921E-05 9.98921E-05 9.98921E-05 9.98921E-05 9.98921E-05 9.98921E-05 9.98921E-05 9.98921E-05 9.98921E-05 0.857061
0.0244667 9.99371E-05 0.00522673 9.99371E-05 9.99371E-05 9.99371E-05 0.0175912 0.0165646 0.874409 9.99371E-05 0.0504851 9.99371E-05 0.0105573 9.99371E-05
9.99101E-05 9.99101E-05 9.99101E-05 9.99101E-05 0.121986 9.99101E-05 9.99101E-05 9.99101E-05 0.111784 9.99101E-05 0.269125 9.99101E-05 9.99101E-05 0.496105
0.0218566 9.99371E-05 0.00480274 9.99371E-05 9.99371E-05 9.99371E-05 0.0157366 0.0147156 0.88757 9.99371E-05 0.0453573 9.99371E-05 0.00926136 9.99371E-05
0.00961659 9.99371E-05 0.00355053 9.99371E-05 9.99371E-05 9.99371E-05 0.012201 0.0110466 0.903258 9.99371E-05 0.053093 9.99371E-05 0.00653472 9.99371E-05
0.968843 9.99011E-05 9.99011E-05 9.99011E-05 9.99011E-05 9.99011E-05 9.99011E-05 9.99011E-05 9.99011E-05 9.99011E-05 0.0261256 9.99011E-05 9.99011E-05 0.00393295
9.98922E-05 9.98922E-05 9.98922E-05 9.98922E-05 9.98922E-05 9.98922E-05 9.98922E-05 9.98922E-05 9.98922E-05 9.98922E-05 9.98922E-05 0.0357752 9.98922E-05 0.963026
9.98922E-05 9.98922E-05 9.98922E-05 9.98922E-05 9.98922E-05 9.98922E-05 9.98922E-05 9.98922E-05 9.98922E-05 9.98922E-05 9.98922E-05 0.0357752 9.98922E-05 0.963026
9.98922E-05 9.98922E-05 9.98922E-05 9.98922E-05 9.98922E-05 9.98922E-05 9.98922E-05 9.98922E-05 9.98922E-05 9.98922E-05 9.98922E-05 0.0378744 9.98922E-05 0.960927
9.99101E-05 9.99101E-05 9.99101E-05 9.99101E-05 9.99101E-05 9.99101E-05 9.99101E-05 9.99101E-05 9.99101E-05 9.99101E-05 0.126875 0.114259 0.066182 0.691684
9.98922E-05 9.98922E-05 9.98922E-05 9.98922E-05 9.98922E-05 9.98922E-05 9.98922E-05 9.98922E-05 9.98922E-05 9.98922E-05 9.98922E-05 0.0378744 9.98922E-05 0.960927
9.98922E-05 9.98922E-05 9.98922E-05 9.98922E-05 9.98922E-05 9.98922E-05 9.98922E-05 9.98922E-05 9.98922E-05 9.98922E-05 9.98922E-05 0.0386058 9.98922E-05 0.960195
9.98922E-05 9.98922E-05 9.98922E-05 9.98922E-05 9.98922E-05 9.98922E-05 9.98922E-05 9.98922E-05 9.98922E-05 9.98922E-05 9.98922E-05 0.0373979 9.98922E-05 0.961403
0.732648 9.99191E-05 0.0279913 9.99191E-05 9.99191E-05 9.99191E-05 9.99191E-05 9.99191E-05 9.99191E-05 9.99191E-05 0.150996 0.00976445 0.077701 9.99191E-05
9.98922E-05 9.98922E-05 9.98922E-05 9.98922E-05 9.98922E-05 9.98922E-05 9.98922E-05 9.98922E-05 9.98922E-05 9.98922E-05 9.98922E-05 0.0407121 9.98922E-05 0.958089
9.98922E-05 9.98922E-05 9.98922E-05 9.98922E-05 9.98922E-05 9.98922E-05 9.98922E-05 9.98922E-05 9.98922E-05 9.98922E-05 9.98922E-05 0.0357752 9.98922E-05 0.963026
9.99012E-05 9.99012E-05 0.0390411 9.99012E-05 9.99012E-05 9.99012E-05 9.99012E-05 9.99012E-05 9.99012E-05 9.99012E-05 9.99012E-05 0.0136423 9.99012E-05 0.946218
9.99011E-05 9.99011E-05 0.0172841 9.99011E-05 9.99011E-05 9.99011E-05 9.99011E-05 9.99011E-05 9.99011E-05 9.99011E-05 9.99011E-05 0.970373 0.0112438 9.99011E-05
0.158153 9.98921E-05 9.98921E-05 9.98921E-05 9.98921E-05 9.98921E-05 9.98921E-05 9.98921E-05 9.98921E-05 9.98921E-05 9.98921E-05 9.98921E-05 9.98921E-05 0.840648
0.0427507 9.98922E-05 9.98922E-05 9.98922E-05 9.98922E-05 9.98922E-05 9.98922E-05 9.98922E-05 9.98922E-05 9.98922E-05 9.98922E-05 0.956051 9.98922E-05 9.98922E-05
0.154358 9.98921E-05 9.98921E-05 9.98921E-05 9.98921E-05 9.98921E-05 9.98921E-05 9.98921E-05 9.98921E-05 9.98921E-05 9.98921E-05 9.98921E-05 9.98921E-05 0.844443
0.14174 9.98921E-05 9.98921E-05 9.98921E-05 9.98921E-05 9.98921E-05 9.98921E-05 9.98921E-05 9.98921E-05 9.98921E-05 9.98921E-05 9.98921E-05 9.98921E-05 0.857061
9.98922E-05 9.98922E-05 9.98922E-05 9.98922E-05 0.12221 9.98922E-05 9.98922E-05 9.98922E-05 9.98922E-05 9.98922E-05 9.98922E-05 9.98922E-05 9.98922E-05 0.876592
0.971305 9.99011E-05 9.99011E-05 9.99011E-05 9.99011E-05 9.99011E-05 9.99011E-05 9.99011E-05 9.99011E-05 9.99011E-05 0.0209467 9.99011E-05 9.99011E-05 0.00664973
0.0112757 9.99191E-05 0.0331344 9.99191E-05 9.99191E-05 9.99191E-05 9.99191E-05 9.99191E-05 9.99191E-05 9.99191E-05 9.99191E-05 0.00836969 0.090297 0.856024
9.98832E-05 9.98832E-05 9.98832E-05 9.98832E-05 9.98832E-05 9.98832E-05 9.98832E-05 9.98832E-05 9.98832E-05 9.98832E-05 9.98832E-05 0.998702 9.98832E-05 9.98832E-05
0.154358 9.98921E-05 9.98921E-05 9.98921E-05 9.98921E-05 9.98921E-05 9.98921E-05 9.98921E-05 9.98921E-05 9.98921E-05 9.98921E-05 9.98921E-05 9.98921E-05 0.844443
9.99011E-05 9.99011E-05 0.0172841 9.99011E-05 9.99011E-05 9.99011E-05 9.99011E-05 9.99011E-05 9.99011E-05 9.99011E-05 9.99011E-05 0.970373 0.0112438 9.99011E-05
0.98096 9.99066E-05 9.99066E-05 9.99066E-05 9.99066E-05 9.99066E-05 9.99066E-05 9.99066E-05 9.99066E-05 9.99066E-05 0.00634064 9.99066E-05 9.99066E-05 0.0116003
0.91985 9.99059E-05 9.99059E-05 9.99059E-05 9.99059E-05 9.99059E-05 9.99059E-05 9.99059E-05 9.99059E-05 9.99059E-05 0.0069337 9.99059E-05 9.99059E-05 0.0721169
9.98921E-05 9.98921E-05 9.98921E-05 9.98921E-05 0.125832 9.98921E-05 9.98921E-05 9.98921E-05 9.98921E-05 9.98921E-05 9.98921E-05 9.98921E-05 9.98921E-05 0.87297
0.158946 9.98921E-05 9.98921E-05 9.98921E-05 9.98921E-05 9.98921E-05 9.98921E-05 9.98921E-05 9.98921E-05 9.98921E-05 9.98921E-05 9.98921E-05 9.98921E-05 0.839855
0.154358 9.98921E-05 9.98921E-05 9.98921E-05 9.98921E-05 9.98921E-05 9.98921E-05 9.98921E-05 9.98921E-05 9.98921E-05 9.98921E-05 9.98921E-05 9.98921E-05 0.844443
9.98922E-05 9.98922E-05 9.98922E-05 9.98922E-05 0.119481 9.98922E-05 9.98922E-05 9.98922E-05 9.98922E-05 9.98922E-05 9.98922E-05 9.98922E-05 9.98922E-05 0.87932
9.98832E-05 9.98832E-05 9.98832E-05 9.98832E-05 9.98832E-05 9.98832E-05 9.98832E-05 9.98832E-05 0.998702 9.98832E-05 9.98832E-05 9.98832E-05 9.98832E-05 9.98832E-05
0.846867 9.99012E-05 9.99012E-05 9.99012E-05 0.132304 9.99012E-05 9.99012E-05 9.99012E-05 9.99012E-05 9.99012E-05 9.99012E-05 9.99012E-05 9.99012E-05 0.0197301
0.0218962 9.99281E-05 9.99281E-05 9.99281E-05 9.99281E-05 9.99281E-05 0.016653 0.0153221 0.809216 9.99281E-05 0.054041 0.0820727 9.99281E-05 9.99281E-05
0.00183494 0.996966 9.98922E-05 9.98922E-05 9.98922E-05 9.98922E-05 9.98922E-05 9.98922E-05 9.98922E-05 9.98922E-05 9.98922E-05 9.98922E-05 9.98922E-05 9.98922E-05
0.998702 9.98832E-05 9.98832E-05 9.98832E-05 9.98832E-05 9.98832E-05 9.98832E-05 9.98832E-05 9.98832E-05 9.98832E-05 9.98832E-05 9.98832E-05 9.98832E-05 9.98832E-05
0.00755471 9.99461E-05 0.00323114 9.99461E-05 0.00106041 9.99461E-05 0.0114763 0.0220938 0.896493 9.99461E-05 0.0516292 9.99461E-05 0.0058612 9.99461E-05
9.99011E-05 9.99011E-05 0.0172841 9.99011E-05 9.99011E-05 9.99011E-05 9.99011E-05 9.99011E-05 9.99011E-05 9.99011E-05 9.99011E-05 0.970373 0.0112438 9.99011E-05
0.154358 9.98921E-05 9.98921E-05 9.98921E-05 9.98921E-05 9.98921E-05 9.98921E-05 9.98921E-05 9.98921E-05 9.98921E-05 9.98921E-05 9.98921E-05 9.98921E-05 0.844443
9.98832E-05 9.98832E-05 9.98832E-05 9.98832E-05 9.98832E-05 9.98832E-05 9.98832E-05 9.98832E-05 0.998702 9.98832E-05 9.98832E-05 9.98832E-05 9.98832E-05 9.98832E-05
9.98832E-05 9.98832E-05 9.98832E-05 9.98832E-05 9.98832E-05 9.98832E-05 9.98832E-05 9.98832E-05 0.998702 9.98832E-05 9.98832E-05 9.98832E-05 9.98832E-05 9.98832E-05
9.98832E-05 9.98832E-05 9.98832E-05 9.98832E-05 9.98832E-05 9.98832E-05 9.98832E-05 9.98832E-05 0.998702 9.98832E-05 9.98832E-05 9.98832E-05 9.98832E-05 9.98832E-05
0.0141832 9.99371E-05 0.00151072 9.99371E-05 9.99371E-05 9.99371E-05 0.00927949 0.0078298 0.925078 9.99371E-05 0.0350367 9.99371E-05 0.00638244 9.99371E-05
0.987572 9.99011E-05 9.99011E-05 9.99011E-05 9.99011E-05 9.99011E-05 9.99011E-05 9.99011E-05 9.99011E-05 9.99011E-05 0.0062475 9.99011E-05 9.99011E-05 0.00508147
9.98921E-05 9.98921E-05 9.98921E-05 9.98921E-05 9.98921E-05 9.98921E-05 9.98921E-05 9.98921E-05 9.98921E-05 0.0674661 9.98921E-05 9.98921E-05 9.98921E-05 0.931335
9.99281E-05 9.99281E-05 0.608371 9.99281E-05 9.99281E-05 9.99281E-05 0.00241018 0.00213963 0.0809378 9.99281E-05 9.99281E-05 0.125834 0.179508 9.99281E-05
0.0282521 9.99011E-05 9.99011E-05 9.99011E-05 9.99011E-05 9.99011E-05 9.99011E-05 9.99011E-05 0.0208585 9.99011E-05 0.949791 9.99011E-05 9.99011E-05 9.99011E-05
9.98832E-05 9.98832E-05 9.98832E-05 9.98832E-05 9.98832E-05 9.98832E-05 9.98832E-05 9.98832E-05 9.98832E-05 9.98832E-05 9.98832E-05 0.998702 9.98832E-05 9.98832E-05
9.99011E-05 9.99011E-05 0.977902 9.99011E-05 9.99011E-05 9.99011E-05 9.99011E-05 9.99011E-05 9.99011E-05 9.99011E-05 9.99011E-05 0.00808391 0.0129149 9.99011E-05
0.978625 9.99011E-05 9.99011E-05 9.99011E-05 9.99011E-05 9.99011E-05 9.99011E-05 9.99011E-05 9.99011E-05 9.99011E-05 0.00940491 9.99011E-05 9.99011E-05 0.0108712
0.871909 9.99011E-05 9.99011E-05 9.99011E-05 9.99011E-05 9.99011E-05 9.99011E-05 9.99011E-05 0.122851 9.99011E-05 9.99011E-05 9.99011E-05 9.99011E-05 0.00414144
0.980311 0.000463166 9.99191E-05 9.99191E-05 9.99191E-05 0.000826184 9.99191E-05 9.99191E-05 9.99191E-05 9.99191E-05 0.00766466 9.99191E-05 9.99191E-05 0.00983592
9.99101E-05 9.99101E-05 9.99101E-05 9.99101E-05 9.99101E-05 0.815993 0.00411888 0.00403495 0.174854 9.99101E-05 9.99101E-05 9.99101E-05 9.99101E-05 9.99101E-05
0.970534 9.99101E-05 9.99101E-05 9.99101E-05 9.99101E-05 0.00815848 9.99101E-05 9.99101E-05 0.012675 9.99101E-05 9.99101E-05 9.99101E-05 9.99101E-05 0.00763323
9.98832E-05 9.98832E-05 9.98832E-05 9.98832E-05 9.98832E-05 9.98832E-05 9.98832E-05 9.98832E-05 9.98832E-05 9.98832E-05 9.98832E-05 0.998702 9.98832E-05 9.98832E-05
9.98832E-05 9.98832E-05 9.98832E-05 9.98832E-05 9.98832E-05 9.98832E-05 9.98832E-05 9.98832E-05 9.98832E-05 9.98832E-05 9.98832E-05 0.998702 9.98832E-05 9.98832E-05
0.980311 0.000463166 9.99191E-05 9.99191E-05 9.99191E-05 0.000826184 9.99191E-05 9.99191E-05 9.99191E-05 9.99191E-05 0.00766466 9.99191E-05 9.99191E-05 0.00983592
0.980311 0.000463166 9.99191E-05 9.99191E-05 9.99191E-05 0.000826184 9.99191E-05 9.99191E-05 9.99191E-05 9.99191E-05 0.00766466 9.99191E-05 9.99191E-05 0.00983592
0.980311 0.000463166 9.99191E-05 9.99191E-05 9.99191E-05 0.000826184 9.99191E-05 9.99191E-05 9.99191E-05 9.99191E-05 0.00766466 9.99191E-05 9.99191E-05 0.00983592
9.98832E-05 9.98832E-05 9.98832E-05 9.98832E-05 9.98832E-05 9.98832E-05 9.98832E-05 9.98832E-05 9.98832E-05 9.98832E-05 9.98832E-05 0.998702 9.98832E-05 9.98832E-05
0.978625 9.99011E-05 9.99011E-05 9.99011E-05 9.99011E-05 9.99011E-05 9.99011E-05 9.99011E-05 9.99011E-05 9.99011E-05 0.00940491 9.99011E-05 9.99011E-05 0.0108712
0.998702 9.98832E-05 9.98832E-05 9.98832E-05 9.98832E-05 9.98832E-05 9.98832E-05 9.98832E-05 9.98832E-05 9.98832E-05 9.98832E-05 9.98832E-05 9.98832E-05 9.98832E-05
0.998702 9.98832E-05 9.98832E-05 9.98832E-05 9.98832E-05 9.98832E-05 9.98832E-05 9.98832E-05 9.98832E-05 9.98832E-05 9.98832E-05 9.98832E-05 9.98832E-05 9.98832E-05
0.861492 9.99011E-05 9.99011E-05 9.99011E-05 0.049549 9.99011E-05 9.99011E-05 9.99011E-05 9.99011E-05 9.99011E-05 9.99011E-05 9.99011E-05 0.0878597 9.99011E-05
9.98922E-05 9.98922E-05 9.98922E-05 9.98922E-05 9.98922E-05 9.98922E-05 9.98922E-05 9.98922E-05 9.98922E-05 9.98922E-05 9.98922E-05 0.903739 9.98922E-05 0.0950619
0.0789214 9.99011E-05 9.99011E-05 9.99011E-05 9.99011E-05 9.99011E-05 9.99011E-05 9.99011E-05 0.0670866 9.99011E-05 0.852893 9.99011E-05 9.99011E-05 9.99011E-05
9.98921E-05 9.98921E-05 9.98921E-05 9.98921E-05 9.98921E-05 9.98921E-05 9.98921E-05 9.98921E-05 9.98921E-05 0.0674661 9.98921E-05 9.98921E-05 9.98921E-05 0.931335
0.987572 9.99011E-05 9.99011E-05 9.99011E-05 9.99011E-05 9.99011E-05 9.99011E-05 9.99011E-05 9.99011E-05 9.99011E-05 0.0062475 9.99011E-05 9.99011E-05 0.00508147
9.98832E-05 9.98832E-05 9.98832E-05 9.98832E-05 9.98832E-05 9.98832E-05 9.98832E-05 9.98832E-05 9.98832E-05 9.98832E-05 9.98832E-05 0.998702 9.98832E-05 9.98832E-05
9.98832E-05 9.98832E-05 9.98832E-05 9.98832E-05 9.98832E-05 9.98832E-05 9.98832E-05 9.98832E-05 9.98832E-05 9.98832E-05 9.98832E-05 0.998702 9.98832E-05 9.98832E-05
9.98832E-05 9.98832E-05 9.98832E-05 9.98832E-05 9.98832E-05 9.98832E-05 9.98832E-05 9.98832E-05 9.98832E-05 9.98832E-05 0.998702 9.98832E-05 9.98832E-05 9.98832E-05
9.98832E-05 9.98832E-05 9.98832E-05 9.98832E-05 9.98832E-05 9.98832E-05 9.98832E-05 9.98832E-05 9.98832E-05 9.98832E-05 0.998702 9.98832E-05 9.98832E-05 9.98832E-05
9.98832E-05 9.98832E-05 9.98832E-05 9.98832E-05 9.98832E-05 9.98832E-05 9.98832E-05 9.98832E-05 9.98832E-05 9.98832E-05 0.998702 9.98832E-05 9.98832E-05 9.98832E-05
9.98832E-05 9.98832E-05 9.98832E-05 9.98832E-05 9.98832E-05 9.98832E-05 9.98832E-05 9.98832E-05 9.98832E-05 9.98832E-05 0.998702 9.98832E-05 9.98832E-05 9.98832E-05
0.0925482 9.99011E-05 9.99011E-05 9.99011E-05 9.99011E-05 9.99011E-05 9.99011E-05 9.99011E-05 0.0824388 9.99011E-05 0.823914 9.99011E-05 9.99011E-05 9.99011E-05
9.98832E-05 9.98832E-05 9.98832E-05 9.98832E-05 9.98832E-05 9.98832E-05 9.98832E-05 9.98832E-05 9.98832E-05 9.98832E-05 0.998702 9.98832E-05 9.98832E-05 9.98832E-05
9.98832E-05 9.98832E-05 9.98832E-05 9.98832E-05 9.98832E-05 9.98832E-05 9.98832E-05 9.98832E-05 9.98832E-05 9.98832E-05 0.998702 9.98832E-05 9.98832E-05 9.98832E-05
