9.98832E-05 9.98832E-05 0.139019 9.98832E-05 9.98832E-05 9.98832E-05 9.98832E-05 9.98832E-05 9.98832E-05 9.98832E-05 9.98832E-05 0.41759 9.98832E-05 0.117715 0.0592814 9.98832E-05 9.98832E-05 0.265097
9.98562E-05 9.98562E-05 9.98562E-05 9.98562E-05 9.98562E-05 9.98562E-05 9.98562E-05 9.98562E-05 9.98562E-05 9.98562E-05 0.929609 9.98562E-05 9.98562E-05 9.98562E-05 9.98562E-05 0.0687935 9.98562E-05 9.98562E-05
0.00777413 0.0141265 0.000755076 9.99101E-05 9.99101E-05 9.99101E-05 9.99101E-05 0.00390747 9.99101E-05 9.99101E-05 9.99101E-05 0.00152972 0.00908372 9.99101E-05 9.99101E-05 9.99101E-05 0.00206265 0.959762
0.971959 9.98652E-05 9.98652E-05 9.98652E-05 9.98652E-05 9.98652E-05 9.98652E-05 9.98652E-05 9.98652E-05 9.98652E-05 0.00615007 9.98652E-05 0.020393 9.98652E-05 9.98652E-05 9.98652E-05 9.98652E-05 9.98652E-05
0.976359 9.99011E-05 9.99011E-05 0.00142698 0.000805916 9.99011E-05 9.99011E-05 0.00158424 9.99011E-05 9.99011E-05 0.0116643 9.99011E-05 0.00420897 9.99011E-05 9.99011E-05 9.99011E-05 9.99011E-05 0.00285159
0.981155 9.99011E-05 9.99011E-05 0.000330742 0.000398652 9.99011E-05 9.99011E-05 0.00113471 9.99011E-05 9.99011E-05 0.00994148 9.99011E-05 0.00373509 9.99011E-05 9.99011E-05 9.99011E-05 9.99011E-05 0.00220505
9.98473E-05 9.98473E-05 9.98473E-05 0.998303 9.98473E-05 9.98473E-05 9.98473E-05 9.98473E-05 9.98473E-05 9.98473E-05 9.98473E-05 9.98473E-05 9.98473E-05 9.98473E-05 9.98473E-05 9.98473E-05 9.98473E-05 9.98473E-05
0.0604593 9.98653E-05 9.98653E-05 9.98653E-05 9.98653E-05 9.98653E-05 9.98653E-05 9.98653E-05 9.98653E-05 0.00355308 0.93449 9.98653E-05 9.98653E-05 9.98653E-05 9.98653E-05 9.98653E-05 9.98653E-05 9.98653E-05
0.981155 9.99011E-05 9.99011E-05 0.000330742 0.000398652 9.99011E-05 9.99011E-05 0.00113471 9.99011E-05 9.99011E-05 0.00994148 9.99011E-05 0.00373509 9.99011E-05 9.99011E-05 9.99011E-05 9.99011E-05 0.00220505
0.976359 9.99011E-05 9.99011E-05 0.00142698 0.000805916 9.99011E-05 9.99011E-05 0.00158424 9.99011E-05 9.99011E-05 0.0116643 9.99011E-05 0.00420897 9.99011E-05 9.99011E-05 9.99011E-05 9.99011E-05 0.00285159
0.882215 9.98922E-05 0.0453823 0.00218222 9.98922E-05 9.98922E-05 9.98922E-05 9.98922E-05 9.98922E-05 9.98922E-05 0.00539102 9.98922E-05 9.98922E-05 0.0458488 0.017782 9.98922E-05 9.98922E-05 9.98922E-05
0.803365 9.98832E-05 9.98832E-05 9.98832E-05 0.000832929 9.98832E-05 0.124863 9.98832E-05 9.98832E-05 9.98832E-05 0.0652494 9.98832E-05 0.00439077 9.98832E-05 9.98832E-05 9.98832E-05 9.98832E-05 9.98832E-05
0.985028 9.98832E-05 9.98832E-05 9.98832E-05 9.98832E-05 9.98832E-05 9.98832E-05 0.000682392 9.98832E-05 9.98832E-05 0.00818759 9.98832E-05 0.00325369 9.98832E-05 9.98832E-05 9.98832E-05 9.98832E-05 0.00154941
0.153895 9.98652E-05 9.98652E-05 9.98652E-05 9.98652E-05 9.98652E-05 9.98652E-05 9.98652E-05 9.98652E-05 0.0157957 0.828812 9.98652E-05 9.98652E-05 9.98652E-05 9.98652E-05 9.98652E-05 9.98652E-05 9.98652E-05
0.618881 9.98652E-05 9.98652E-05 9.98652E-05 9.98652E-05 9.98652E-05 9.98652E-05 0.00041138 0.37921 9.98652E-05 9.98652E-05 9.98652E-05 9.98652E-05 9.98652E-05 9.98652E-05 9.98652E-05 9.98652E-05 9.98652E-05
0.069533 9.98653E-05 9.98653E-05 9.98653E-05 9.98653E-05 9.98653E-05 9.98653E-05 9.98653E-05 9.98653E-05 0.0048751 0.924094 9.98653E-05 9.98653E-05 9.98653E-05 9.98653E-05 9.98653E-05 9.98653E-05 9.98653E-05
0.976635 0.011075 9.98922E-05 0.000294116 0.000370486 9.98922E-05 9.98922E-05 9.98922E-05 9.98922E-05 9.98922E-05 0.0100668 9.98922E-05 0.000359954 9.98922E-05 9.98922E-05 9.98922E-05 9.98922E-05 9.98922E-05
0.855787 9.99011E-05 0.0223284 9.99011E-05 9.99011E-05 9.99011E-05 9.99011E-05 9.99011E-05 9.99011E-05 0.00564224 0.00171103 0.0782437 9.99011E-05 0.0307311 0.00445749 9.99011E-05 9.99011E-05 9.99011E-05
9.98562E-05 9.98562E-05 9.98562E-05 9.98562E-05 9.98562E-05 9.98562E-05 0.942137 9.98562E-05 9.98562E-05 9.98562E-05 0.0562652 9.98562E-05 9.98562E-05 9.98562E-05 9.98562E-05 9.98562E-05 9.98562E-05 9.98562E-05
9.98563E-05 9.98563E-05 0.0296907 9.98563E-05 9.98563E-05 9.98563E-05 9.98563E-05 9.98563E-05 9.98563E-05 9.98563E-05 9.98563E-05 9.98563E-05 9.98563E-05 9.98563E-05 9.98563E-05 9.98563E-05 9.98563E-05 0.968712
9.98653E-05 0.54692 9.98653E-05 9.98653E-05 9.98653E-05 9.98653E-05 9.98653E-05 9.98653E-05 9.98653E-05 0.00142432 9.98653E-05 9.98653E-05 9.98653E-05 9.98653E-05 9.98653E-05 9.98653E-05 9.98653E-05 0.450158
0.998303 9.98473E-05 9.98473E-05 9.98473E-05 9.98473E-05 9.98473E-05 9.98473E-05 9.98473E-05 9.98473E-05 9.98473E-05 9.98473E-05 9.98473E-05 9.98473E-05 9.98473E-05 9.98473E-05 9.98473E-05 9.98473E-05 9.98473E-05
9.98579E-05 9.98579E-05 9.98579E-05 9.98579E-05 9.98579E-05 0.0604204 9.98579E-05 9.98579E-05 9.98579E-05 9.98579E-05 9.98579E-05 9.98579E-05 9.98579E-05 9.98579E-05 9.98579E-05 9.98579E-05 9.98579E-05 0.937982
0.984137 9.98832E-05 9.98832E-05 0.000715212 9.98832E-05 9.98832E-05 9.98832E-05 9.98832E-05 9.98832E-05 9.98832E-05 0.00620297 9.98832E-05 0.00466473 9.98832E-05 9.98832E-05 9.98832E-05 9.98832E-05 0.00298156
9.98922E-05 0.00277906 0.0278392 9.98922E-05 9.98922E-05 9.98922E-05 9.98922E-05 9.98922E-05 9.98922E-05 9.98922E-05 9.98922E-05 0.109344 9.98922E-05 0.033371 0.0139661 9.98922E-05 9.98922E-05 0.811502
9.98563E-05 9.98563E-05 9.98563E-05 9.98563E-05 9.98563E-05 9.98563E-05 9.98563E-05 9.98563E-05 9.98563E-05 9.98563E-05 0.88636 0.112042 9.98563E-05 9.98563E-05 9.98563E-05 9.98563E-05 9.98563E-05 9.98563E-05
0.984153 9.98832E-05 9.98832E-05 9.98832E-05 9.98832E-05 9.98832E-05 9.98832E-05 0.000135924 9.98832E-05 9.98832E-05 0.00822937 9.98832E-05 0.00258902 9.98832E-05 9.98832E-05 9.98832E-05 9.98832E-05 0.00359467
0.976359 9.99011E-05 9.99011E-05 0.00142698 0.000805916 9.99011E-05 9.99011E-05 0.00158424 9.99011E-05 9.99011E-05 0.0116643 9.99011E-05 0.00420897 9.99011E-05 9.99011E-05 9.99011E-05 9.99011E-05 0.00285159
0.145792 9.98832E-05 9.98832E-05 0.799698 9.98832E-05 9.98832E-05 9.98832E-05 0.00643097 0.041754 9.98832E-05 9.98832E-05 9.98832E-05 9.98832E-05 9.98832E-05 9.98832E-05 0.00502639 9.98832E-05 9.98832E-05
9.98563E-05 9.98563E-05 9.98563E-05 9.98563E-05 9.98563E-05 0.0120323 0.98637 9.98563E-05 9.98563E-05 9.98563E-05 9.98563E-05 9.98563E-05 9.98563E-05 9.98563E-05 9.98563E-05 9.98563E-05 9.98563E-05 9.98563E-05
9.98652E-05 9.98652E-05 9.98652E-05 9.98652E-05 9.98652E-05 9.98652E-05 9.98652E-05 9.98652E-05 0.134642 0.0125236 0.851337 9.98652E-05 9.98652E-05 9.98652E-05 9.98652E-05 9.98652E-05 9.98652E-05 9.98652E-05
0.976359 9.99011E-05 9.99011E-05 0.00142698 0.000805916 9.99011E-05 9.99011E-05 0.00158424 9.99011E-05 9.99011E-05 0.0116643 9.99011E-05 0.00420897 9.99011E-05 9.99011E-05 9.99011E-05 9.99011E-05 0.00285159
9.98563E-05 9.98563E-05 9.98563E-05 9.98563E-05 9.98563E-05 9.98563E-05 0.111303 9.98563E-05 9.98563E-05 9.98563E-05 0.8871 9.98563E-05 9.98563E-05 9.98563E-05 9.98563E-05 9.98563E-05 9.98563E-05 9.98563E-05
0.976359 9.99011E-05 9.99011E-05 0.00142698 0.000805916 9.99011E-05 9.99011E-05 0.00158424 9.99011E-05 9.99011E-05 0.0116643 9.99011E-05 0.00420897 9.99011E-05 9.99011E-05 9.99011E-05 9.99011E-05 0.00285159
0.0133031 0.0167804 0.00213385 9.99001E-05 9.99001E-05 9.99001E-05 9.99001E-05 0.0087282 9.99001E-05 9.99001E-05 9.99001E-05 0.00383256 0.00997861 9.99001E-05 9.99001E-05 9.99001E-05 0.00568777 0.938556
0.984306 9.98922E-05 9.98922E-05 9.98922E-05 0.000113996 9.98922E-05 9.98922E-05 0.000790708 9.98922E-05 9.98922E-05 0.00851718 9.98922E-05 0.00334012 9.98922E-05 9.98922E-05 9.98922E-05 9.98922E-05 0.00173311
0.981155 9.99011E-05 9.99011E-05 0.000330742 0.000398652 9.99011E-05 9.99011E-05 0.00113471 9.99011E-05 9.99011E-05 0.00994148 9.99011E-05 0.00373509 9.99011E-05 9.99011E-05 9.99011E-05 9.99011E-05 0.00220505
9.98742E-05 0.0074742 9.98742E-05 9.98742E-05 9.98742E-05 9.98742E-05 0.755685 9.98742E-05 9.98742E-05 9.98742E-05 9.98742E-05 9.98742E-05 9.98742E-05 0.00552742 9.98742E-05 9.98742E-05 9.98742E-05 0.229915
0.11293 9.98652E-05 9.98652E-05 9.98652E-05 9.98652E-05 9.98652E-05 9.98652E-05 9.98652E-05 9.98652E-05 0.0106901 0.874882 9.98652E-05 9.98652E-05 9.98652E-05 9.98652E-05 9.98652E-05 9.98652E-05 9.98652E-05
0.994942 9.98563E-05 9.98563E-05 9.98563E-05 9.98563E-05 9.98563E-05 9.98563E-05 9.98563E-05 9.98563E-05 9.98563E-05 0.00345995 9.98563E-05 9.98563E-05 9.98563E-05 9.98563E-05 9.98563E-05 9.98563E-05 9.98563E-05
9.98742E-05 0.648981 9.98742E-05 9.98742E-05 9.98742E-05 9.98742E-05 9.98742E-05 9.98742E-05 9.98742E-05 0.00137954 9.98742E-05 9.98742E-05 0.00501664 9.98742E-05 9.98742E-05 9.98742E-05 9.98742E-05 0.343224
9.98473E-05 9.98473E-05 9.98473E-05 9.98473E-05 9.98473E-05 9.98473E-05 9.98473E-05 9.98473E-05 9.98473E-05 9.98473E-05 9.98473E-05 9.98473E-05 9.98473E-05 9.98473E-05 9.98473E-05 9.98473E-05 9.98473E-05 0.998303
0.47755 9.98653E-05 9.98653E-05 9.98653E-05 9.98653E-05 9.98653E-05 9.98653E-05 9.98653E-05 9.98653E-05 9.98653E-05 9.98653E-05 9.98653E-05 9.98653E-05 0.00746538 9.98653E-05 9.98653E-05 9.98653E-05 0.513487
0.976359 9.99011E-05 9.99011E-05 0.00142698 0.000805916 9.99011E-05 9.99011E-05 0.00158424 9.99011E-05 9.99011E-05 0.0116643 9.99011E-05 0.00420897 9.99011E-05 9.99011E-05 9.99011E-05 9.99011E-05 0.00285159
0.50096 0.00990084 9.99011E-05 9.99011E-05 0.00213441 9.99011E-05 9.99011E-05 9.99011E-05 9.99011E-05 9.99011E-05 0.00220708 9.99011E-05 9.99011E-05 0.0154329 9.99011E-05 9.99011E-05 0.00419919 0.464066
0.835188 9.98922E-05 9.98922E-05 0.00726059 0.0126985 9.98922E-05 9.98922E-05 9.98922E-05 0.00528517 9.98922E-05 0.021413 0.116956 9.98922E-05 9.98922E-05 9.98922E-05 9.98922E-05 9.98922E-05 9.98922E-05
0.857744 9.98742E-05 9.98742E-05 9.98742E-05 9.98742E-05 9.98742E-05 0.135508 9.98742E-05 9.98742E-05 9.98742E-05 9.98742E-05 9.98742E-05 0.00500901 9.98742E-05 9.98742E-05 9.98742E-05 9.98742E-05 0.000340521
9.98563E-05 9.98563E-05 9.98563E-05 9.98563E-05 9.98563E-05 9.98563E-05 0.112303 9.98563E-05 9.98563E-05 9.98563E-05 0.8861 9.98563E-05 9.98563E-05 9.98563E-05 9.98563E-05 9.98563E-05 9.98563E-05 9.98563E-05
9.98563E-05 9.98563E-05 9.98563E-05 9.98563E-05 9.98563E-05 9.98563E-05 0.110087 9.98563E-05 9.98563E-05 9.98563E-05 0.888315 9.98563E-05 9.98563E-05 9.98563E-05 9.98563E-05 9.98563E-05 9.98563E-05 9.98563E-05
0.858954 9.98922E-05 0.0195176 9.98922E-05 9.98922E-05 9.98922E-05 9.98922E-05 9.98922E-05 9.98922E-05 9.98922E-05 0.000293721 0.0837632 9.98922E-05 0.0297892 0.00648339 9.98922E-05 9.98922E-05 9.98922E-05
0.89727 9.98653E-05 9.98653E-05 9.98653E-05 9.98653E-05 0.0882564 0.0129753 9.98653E-05 9.98653E-05 9.98653E-05 9.98653E-05 9.98653E-05 9.98653E-05 9.98653E-05 9.98653E-05 9.98653E-05 9.98653E-05 9.98653E-05
0.984943 9.98832E-05 9.98832E-05 9.98832E-05 9.98832E-05 9.98832E-05 9.98832E-05 0.000693491 9.98832E-05 9.98832E-05 0.00823386 9.98832E-05 0.00326631 9.98832E-05 9.98832E-05 9.98832E-05 9.98832E-05 0.00156503
0.0307784 9.98652E-05 9.98652E-05 9.98652E-05 9.98652E-05 9.98652E-05 9.98652E-05 9.98652E-05 9.98652E-05 0.0017504 0.965973 9.98652E-05 9.98652E-05 9.98652E-05 9.98652E-05 9.98652E-05 9.98652E-05 9.98652E-05
9.98652E-05 9.98652E-05 9.98652E-05 9.98652E-05 9.98652E-05 0.00846247 0.117503 9.98652E-05 9.98652E-05 9.98652E-05 0.872536 9.98652E-05 9.98652E-05 9.98652E-05 9.98652E-05 9.98652E-05 9.98652E-05 9.98652E-05
0.118978 9.98562E-05 9.98562E-05 9.98562E-05 9.98562E-05 9.98562E-05 9.98562E-05 9.98562E-05 0.879424 9.98562E-05 9.98562E-05 9.98562E-05 9.98562E-05 9.98562E-05 9.98562E-05 9.98562E-05 9.98562E-05 9.98562E-05
0.0303556 9.98742E-05 9.98742E-05 9.98742E-05 9.98742E-05 9.98742E-05 9.98742E-05 9.98742E-05 0.117687 0.0155132 0.835046 9.98742E-05 9.98742E-05 9.98742E-05 9.98742E-05 9.98742E-05 9.98742E-05 9.98742E-05
9.98473E-05 9.98473E-05 9.98473E-05 9.98473E-05 9.98473E-05 9.98473E-05 9.98473E-05 9.98473E-05 0.998303 9.98473E-05 9.98473E-05 9.98473E-05 9.98473E-05 9.98473E-05 9.98473E-05 9.98473E-05 9.98473E-05 9.98473E-05
0.0413237 9.98742E-05 0.903029 9.98742E-05 9.98742E-05 9.98742E-05 9.98742E-05 0.0263473 9.98742E-05 9.98742E-05 9.98742E-05 9.98742E-05 0.0279019 9.98742E-05 9.98742E-05 9.98742E-05 9.98742E-05 9.98742E-05
0.53999 9.98563E-05 9.98563E-05 0.458413 9.98563E-05 9.98563E-05 9.98563E-05 9.98563E-05 9.98563E-05 9.98563E-05 9.98563E-05 9.98563E-05 9.98563E-05 9.98563E-05 9.98563E-05 9.98563E-05 9.98563E-05 9.98563E-05
0.968181 9.98832E-05 9.98832E-05 0.000176014 9.98832E-05 9.98832E-05 0.0010206 9.98832E-05 9.98832E-05 9.98832E-05 0.00510187 9.98832E-05 9.98832E-05 9.98832E-05 9.98832E-05 9.98832E-05 9.98832E-05 0.0242221
9.98742E-05 9.98742E-05 9.98742E-05 9.98742E-05 0.139624 9.98742E-05 9.98742E-05 9.98742E-05 0.118647 0.0096963 0.730635 9.98742E-05 9.98742E-05 9.98742E-05 9.98742E-05 9.98742E-05 9.98742E-05 9.98742E-05
9.98473E-05 9.98473E-05 9.98473E-05 9.98473E-05 9.98473E-05 9.98473E-05 9.98473E-05 9.98473E-05 9.98473E-05 9.98473E-05 9.98473E-05 0.998303 9.98473E-05 9.98473E-05 9.98473E-05 9.98473E-05 9.98473E-05 9.98473E-05
9.98562E-05 9.98562E-05 9.98562E-05 9.98562E-05 9.98562E-05 9.98562E-05 0.11623 9.98562E-05 9.98562E-05 9.98562E-05 0.882172 9.98562E-05 9.98562E-05 9.98562E-05 9.98562E-05 9.98562E-05 9.98562E-05 9.98562E-05
0.0100966 0.00512046 9.99011E-05 9.99011E-05 9.99011E-05 9.99011E-05 9.99011E-05 0.00481764 9.99011E-05 9.99011E-05 9.99011E-05 0.00195497 0.00452529 9.99011E-05 9.99011E-05 9.99011E-05 0.00114272 0.971243
0.0133031 0.0167804 0.00213385 9.99101E-05 9.99101E-05 9.99101E-05 9.99101E-05 0.0087282 9.99101E-05 9.99101E-05 9.99101E-05 0.00383256 0.00997861 9.99101E-05 9.99101E-05 9.99101E-05 0.00568777 0.938556
0.00372407 0.0113811 0.0389591 9.99281E-05 9.99281E-05 9.99281E-05 9.99281E-05 0.00541004 9.99281E-05 9.99281E-05 9.99281E-05 0.106654 0.00675502 0.028038 0.0152581 9.99281E-05 0.0029835 0.780037
9.98652E-05 9.98652E-05 9.98652E-05 9.98652E-05 9.98652E-05 9.98652E-05 9.98652E-05 9.98652E-05 0.131289 9.98652E-05 0.813195 9.98652E-05 9.98652E-05 9.98652E-05 0.0540178 9.98652E-05 9.98652E-05 9.98652E-05
0.097463 9.98652E-05 9.98652E-05 9.98652E-05 9.98652E-05 9.98652E-05 9.98652E-05 9.98652E-05 9.98652E-05 0.00843634 0.892603 9.98652E-05 9.98652E-05 9.98652E-05 9.98652E-05 9.98652E-05 9.98652E-05 9.98652E-05
9.98563E-05 9.98563E-05 9.98563E-05 9.98563E-05 9.98563E-05 9.98563E-05 0.107786 9.98563E-05 9.98563E-05 9.98563E-05 0.890616 9.98563E-05 9.98563E-05 9.98563E-05 9.98563E-05 9.98563E-05 9.98563E-05 9.98563E-05
9.98563E-05 9.98563E-05 9.98563E-05 9.98563E-05 9.98563E-05 9.98563E-05 0.109498 9.98563E-05 9.98563E-05 9.98563E-05 0.888904 9.98563E-05 9.98563E-05 9.98563E-05 9.98563E-05 9.98563E-05 9.98563E-05 9.98563E-05
9.98473E-05 9.98473E-05 9.98473E-05 9.98473E-05 9.98473E-05 9.98473E-05 9.98473E-05 9.98473E-05 9.98473E-05 9.98473E-05 9.98473E-05 0.998303 9.98473E-05 9.98473E-05 9.98473E-05 9.98473E-05 9.98473E-05 9.98473E-05
0.99489 9.98652E-05 9.98652E-05 9.98652E-05 9.98652E-05 9.98652E-05 9.98652E-05 9.98652E-05 9.98652E-05 9.98652E-05 0.00245743 9.98652E-05 0.00115508 9.98652E-05 9.98652E-05 9.98652E-05 9.98652E-05 9.98652E-05
9.98832E-05 9.98832E-05 0.770722 9.98832E-05 9.98832E-05 9.98832E-05 9.98832E-05 9.98832E-05 9.98832E-05 9.98832E-05 9.98832E-05 0.0371093 9.98832E-05 0.0893581 0.0409659 0.0605458 9.98832E-05 9.98832E-05
9.98652E-05 9.98652E-05 9.98652E-05 9.98652E-05 9.98652E-05 0.0118549 9.98652E-05 9.98652E-05 9.98652E-05 9.98652E-05 9.98652E-05 0.975157 9.98652E-05 9.98652E-05 9.98652E-05 0.0114896 9.98652E-05 9.98652E-05
9.98563E-05 9.98563E-05 9.98563E-05 0.956006 9.98563E-05 9.98563E-05 9.98563E-05 9.98563E-05 0.0423965 9.98563E-05 9.98563E-05 9.98563E-05 9.98563E-05 9.98563E-05 9.98563E-05 9.98563E-05 9.98563E-05 9.98563E-05
0.0463174 9.98742E-05 9.98742E-05 9.98742E-05 9.98742E-05 9.98742E-05 9.98742E-05 0.0315524 9.98742E-05 9.98742E-05 9.98742E-05 9.98742E-05 0.879928 9.98742E-05 9.98742E-05 9.98742E-05 9.98742E-05 0.0408035
0.00348323 9.98742E-05 9.98742E-05 9.98742E-05 9.98742E-05 9.98742E-05 9.98742E-05 0.00131933 9.98742E-05 9.98742E-05 9.98742E-05 9.98742E-05 0.00193251 9.98742E-05 9.98742E-05 9.98742E-05 9.98742E-05 0.991867
9.98473E-05 9.98473E-05 9.98473E-05 9.98473E-05 9.98473E-05 9.98473E-05 9.98473E-05 9.98473E-05 9.98473E-05 9.98473E-05 9.98473E-05 9.98473E-05 9.98473E-05 9.98473E-05 9.98473E-05 9.98473E-05 0.998303 9.98473E-05
9.98473E-05 9.98473E-05 0.998303 9.98473E-05 9.98473E-05 9.98473E-05 9.98473E-05 9.98473E-05 9.98473E-05 9.98473E-05 9.98473E-05 9.98473E-05 9.98473E-05 9.98473E-05 9.98473E-05 9.98473E-05 9.98473E-05 9.98473E-05
0.255537 9.99011E-05 9.99011E-05 9.99011E-05 9.99011E-05 0.0165063 9.99011E-05 0.194324 9.99011E-05 9.99011E-05 0.0185696 0.00176279 0.254267 9.99011E-05 9.99011E-05 9.99011E-05 9.99011E-05 0.257934
9.98563E-05 9.98563E-05 9.98563E-05 9.98563E-05 9.98563E-05 9.98563E-05 9.98563E-05 9.98563E-05 9.98563E-05 9.98563E-05 9.98563E-05 9.98563E-05 9.98563E-05 9.98563E-05 9.98563E-05 9.98563E-05 0.920041 0.0783613
0.82027 9.98921E-05 9.98921E-05 0.0116621 0.0142844 9.98921E-05 9.98921E-05 9.98921E-05 0.00694368 9.98921E-05 0.02881 0.116831 9.98921E-05 9.98921E-05 9.98921E-05 9.98921E-05 9.98921E-05 9.98921E-05
0.14619 9.98652E-05 9.98652E-05 9.98652E-05 9.98652E-05 9.98652E-05 9.98652E-05 9.98652E-05 9.98652E-05 0.0149009 0.837411 9.98652E-05 9.98652E-05 9.98652E-05 9.98652E-05 9.98652E-05 9.98652E-05 9.98652E-05
0.157703 9.98652E-05 9.98652E-05 9.98652E-05 9.98652E-05 9.98652E-05 9.98652E-05 9.98652E-05 9.98652E-05 0.0163085 0.824491 9.98652E-05 9.98652E-05 9.98652E-05 9.98652E-05 9.98652E-05 9.98652E-05 9.98652E-05
0.0138628 0.0150731 0.00186923 9.99001E-05 9.99001E-05 9.99001E-05 9.99001E-05 0.00774822 9.99001E-05 9.99001E-05 9.99001E-05 0.00339571 0.00882889 9.99001E-05 9.99001E-05 9.99001E-05 0.0050104 0.943213
9.98832E-05 9.98832E-05 0.842251 9.98832E-05 9.98832E-05 9.98832E-05 9.98832E-05 9.98832E-05 9.98832E-05 9.98832E-05 9.98832E-05 0.0438383 9.98832E-05 0.0628901 0.0322374 9.98832E-05 9.98832E-05 0.0174848
9.98921E-05 0.52242 0.0615153 9.98921E-05 9.98921E-05 9.98921E-05 9.98921E-05 0.0150872 9.98921E-05 9.98921E-05 9.98921E-05 9.98921E-05 9.98921E-05 0.0495541 0.024752 9.98921E-05 9.98921E-05 0.325472
0.85405 9.99011E-05 0.0228557 9.99011E-05 9.99011E-05 9.99011E-05 9.99011E-05 9.99011E-05 9.99011E-05 0.00572201 0.00323335 0.0781137 9.99011E-05 0.0301244 0.00480163 9.99011E-05 9.99011E-05 9.99011E-05
9.98652E-05 9.98652E-05 0.922059 9.98652E-05 9.98652E-05 9.98652E-05 9.98652E-05 0.0212483 9.98652E-05 9.98652E-05 9.98652E-05 9.98652E-05 9.98652E-05 9.98652E-05 9.98652E-05 9.98652E-05 9.98652E-05 0.0551942
0.976359 9.99011E-05 9.99011E-05 0.00142698 0.000805916 9.99011E-05 9.99011E-05 0.00158424 9.99011E-05 9.99011E-05 0.0116643 9.99011E-05 0.00420897 9.99011E-05 9.99011E-05 9.99011E-05 9.99011E-05 0.00285159
9.98562E-05 9.98562E-05 9.98562E-05 9.98562E-05 9.98562E-05 9.98562E-05 0.118312 9.98562E-05 9.98562E-05 9.98562E-05 0.88009 9.98562E-05 9.98562E-05 9.98562E-05 9.98562E-05 9.98562E-05 9.98562E-05 9.98562E-05
9.98473E-05 9.98473E-05 9.98473E-05 9.98473E-05 9.98473E-05 9.98473E-05 9.98473E-05 9.98473E-05 9.98473E-05 9.98473E-05 9.98473E-05 0.998303 9.98473E-05 9.98473E-05 9.98473E-05 9.98473E-05 9.98473E-05 9.98473E-05
0.976359 9.99011E-05 9.99011E-05 0.00142698 0.000805916 9.99011E-05 9.99011E-05 0.00158424 9.99011E-05 9.99011E-05 0.0116643 9.99011E-05 0.00420897 9.99011E-05 9.99011E-05 9.99011E-05 9.99011E-05 0.00285159
0.976359 9.99011E-05 9.99011E-05 0.00142698 0.000805916 9.99011E-05 9.99011E-05 0.00158424 9.99011E-05 9.99011E-05 0.0116643 9.99011E-05 0.00420897 9.99011E-05 9.99011E-05 9.99011E-05 9.99011E-05 0.00285159
0.976845 9.99011E-05 9.99011E-05 0.000337073 0.000405391 9.99011E-05 9.99011E-05 0.0011431 9.99011E-05 9.99011E-05 0.0142463 9.99011E-05 0.00368942 9.99011E-05 9.99011E-05 9.99011E-05 9.99011E-05 0.00223484
9.98473E-05 9.98473E-05 9.98473E-05 9.98473E-05 9.98473E-05 9.98473E-05 9.98473E-05 9.98473E-05 9.98473E-05 9.98473E-05 9.98473E-05 0.998303 9.98473E-05 9.98473E-05 9.98473E-05 9.98473E-05 9.98473E-05 9.98473E-05
0.984294 9.98922E-05 9.98922E-05 9.98922E-05 0.000115219 9.98922E-05 9.98922E-05 0.000792171 9.98922E-05 9.98922E-05 0.00852327 9.98922E-05 0.0033418 9.98922E-05 9.98922E-05 9.98922E-05 9.98922E-05 0.00173512
0.0126126 0.01508 0.00186513 9.99101E-05 9.99101E-05 9.99101E-05 9.99101E-05 0.00808885 9.99101E-05 9.99101E-05 9.99101E-05 0.00340251 0.00923705 9.99101E-05 9.99101E-05 9.99101E-05 0.00501417 0.943701
0.0126126 0.0150799 0.00186511 9.99001E-05 9.99001E-05 9.99001E-05 9.99001E-05 0.00808879 9.99001E-05 9.99001E-05 9.99001E-05 0.00340248 0.00923698 9.99001E-05 9.99001E-05 9.99001E-05 0.00501412 0.943701
0.00549018 9.99011E-05 9.99011E-05 0.00825597 0.0118526 9.99011E-05 9.99011E-05 9.99011E-05 0.00430517 0.0121307 0.845563 0.111304 9.99011E-05 9.99011E-05 9.99011E-05 9.99011E-05 9.99011E-05 9.99011E-05
9.98562E-05 9.98562E-05 9.98562E-05 9.98562E-05 9.98562E-05 9.98562E-05 9.98562E-05 9.98562E-05 9.98562E-05 9.98562E-05 0.938678 9.98562E-05 9.98562E-05 9.98562E-05 9.98562E-05 0.059724 9.98562E-05 9.98562E-05
9.98742E-05 9.98742E-05 9.98742E-05 9.98742E-05 0.147278 9.98742E-05 9.98742E-05 0.790229 9.98742E-05 9.98742E-05 9.98742E-05 9.98742E-05 0.0272679 9.98742E-05 9.98742E-05 9.98742E-05 9.98742E-05 0.0338274
9.98922E-05 0.00129884 0.784431 9.98922E-05 9.98922E-05 9.98922E-05 9.98922E-05 0.0231704 9.98922E-05 9.98922E-05 9.98922E-05 9.98922E-05 9.98922E-05 0.0256425 0.0120377 9.98922E-05 9.98922E-05 0.152221
0.741993 0.18859 0.0187369 9.98832E-05 9.98832E-05 9.98832E-05 9.98832E-05 9.98832E-05 9.98832E-05 9.98832E-05 9.98832E-05 9.98832E-05 9.98832E-05 0.0430899 0.00629104 9.98832E-05 9.98832E-05 9.98832E-05
0.777057 0.221346 9.98563E-05 9.98563E-05 9.98563E-05 9.98563E-05 9.98563E-05 9.98563E-05 9.98563E-05 9.98563E-05 9.98563E-05 9.98563E-05 9.98563E-05 9.98563E-05 9.98563E-05 9.98563E-05 9.98563E-05 9.98563E-05
9.98473E-05 9.98473E-05 0.998303 9.98473E-05 9.98473E-05 9.98473E-05 9.98473E-05 9.98473E-05 9.98473E-05 9.98473E-05 9.98473E-05 9.98473E-05 9.98473E-05 9.98473E-05 9.98473E-05 9.98473E-05 9.98473E-05 9.98473E-05
9.98742E-05 9.98742E-05 0.938742 9.98742E-05 9.98742E-05 9.98742E-05 9.98742E-05 0.000233599 9.98742E-05 9.98742E-05 9.98742E-05 9.98742E-05 9.98742E-05 9.98742E-05 9.98742E-05 9.98742E-05 0.0046977 0.0549288
0.976359 9.99011E-05 9.99011E-05 0.00142698 0.000805916 9.99011E-05 9.99011E-05 0.00158424 9.99011E-05 9.99011E-05 0.0116643 9.99011E-05 0.00420897 9.99011E-05 9.99011E-05 9.99011E-05 9.99011E-05 0.00285159
0.795252 9.98921E-05 9.98921E-05 9.98921E-05 0.00240406 9.98921E-05 0.123912 9.98921E-05 9.98921E-05 9.98921E-05 0.072909 9.98921E-05 0.00149761 9.98921E-05 9.98921E-05 9.98921E-05 9.98921E-05 0.00282709
0.967828 9.98832E-05 9.98832E-05 0.000232107 0.000301224 9.98832E-05 9.98832E-05 9.98832E-05 9.98832E-05 9.98832E-05 0.0138894 9.98832E-05 9.98832E-05 9.98832E-05 9.98832E-05 9.98832E-05 9.98832E-05 0.0164506
9.98473E-05 9.98473E-05 9.98473E-05 9.98473E-05 9.98473E-05 9.98473E-05 9.98473E-05 9.98473E-05 0.998303 9.98473E-05 9.98473E-05 9.98473E-05 9.98473E-05 9.98473E-05 9.98473E-05 9.98473E-05 9.98473E-05 9.98473E-05
9.98473E-05 9.98473E-05 9.98473E-05 9.98473E-05 9.98473E-05 9.98473E-05 9.98473E-05 9.98473E-05 0.998303 9.98473E-05 9.98473E-05 9.98473E-05 9.98473E-05 9.98473E-05 9.98473E-05 9.98473E-05 9.98473E-05 9.98473E-05
9.98563E-05 9.98563E-05 9.98563E-05 9.98563E-05 9.98563E-05 9.98563E-05 9.98563E-05 9.98563E-05 9.98563E-05 0.0463306 9.98563E-05 9.98563E-05 9.98563E-05 9.98563E-05 9.98563E-05 9.98563E-05 9.98563E-05 0.952072
9.98563E-05 9.98563E-05 9.98563E-05 9.98563E-05 9.98563E-05 9.98563E-05 9.98563E-05 9.98563E-05 9.98563E-05 9.98563E-05 9.98563E-05 9.98563E-05 9.98563E-05 9.98563E-05 0.0133952 9.98563E-05 9.98563E-05 0.985007
9.98652E-05 0.00197964 9.98652E-05 9.98652E-05 0.127233 9.98652E-05 9.98652E-05 9.98652E-05 9.98652E-05 9.98652E-05 9.98652E-05 9.98652E-05 9.98652E-05 9.98652E-05 9.98652E-05 9.98652E-05 9.98652E-05 0.86929
0.997395 9.98563E-05 9.98563E-05 9.98563E-05 9.98563E-05 9.98563E-05 9.98563E-05 9.98563E-05 9.98563E-05 9.98563E-05 9.98563E-05 9.98563E-05 9.98563E-05 9.98563E-05 9.98563E-05 9.98563E-05 9.98563E-05 0.00100727
0.00247852 9.98832E-05 9.98832E-05 9.98832E-05 9.98832E-05 9.98832E-05 9.98832E-05 0.00061221 9.98832E-05 9.98832E-05 0.000551292 9.98832E-05 0.000264109 9.98832E-05 9.98832E-05 9.98832E-05 9.98832E-05 0.994795
0.976359 9.99011E-05 9.99011E-05 0.00142698 0.000805916 9.99011E-05 9.99011E-05 0.00158424 9.99011E-05 9.99011E-05 0.0116643 9.99011E-05 0.00420897 9.99011E-05 9.99011E-05 9.99011E-05 9.99011E-05 0.00285159
9.98562E-05 9.98562E-05 9.98562E-05 9.98562E-05 9.98562E-05 9.98562E-05 9.98562E-05 9.98562E-05 9.98562E-05 9.98562E-05 0.939105 9.98562E-05 9.98562E-05 9.98562E-05 9.98562E-05 0.0592978 9.98562E-05 9.98562E-05
0.273716 9.98877E-05 9.98877E-05 9.98877E-05 9.98877E-05 0.0161726 9.98877E-05 0.198474 9.98877E-05 9.98877E-05 9.98877E-05 9.98877E-05 0.235563 9.98877E-05 9.98877E-05 9.98877E-05 9.98877E-05 0.274775
9.98832E-05 9.98832E-05 0.305816 9.98832E-05 9.98832E-05 9.98832E-05 9.98832E-05 9.98832E-05 9.98832E-05 9.98832E-05 9.98832E-05 0.163814 9.98832E-05 0.29963 0.129708 9.98832E-05 9.98832E-05 0.0997331
9.98921E-05 0.00559146 0.0659257 9.98921E-05 9.98921E-05 9.98921E-05 9.98921E-05 9.98921E-05 9.98921E-05 9.98921E-05 9.98921E-05 0.211396 9.98921E-05 0.0608162 0.0308889 9.98921E-05 9.98921E-05 0.624183
0.0131608 0.0133533 0.00159804 9.99101E-05 9.99101E-05 9.99101E-05 9.99101E-05 0.00710188 9.99101E-05 9.99101E-05 9.99101E-05 0.00296174 0.00807878 9.99101E-05 9.99101E-05 9.99101E-05 0.0043302 0.948416
0.00704743 0.00505318 0.21194 9.99011E-05 9.99011E-05 9.99011E-05 9.99011E-05 9.99011E-05 9.99011E-05 9.99011E-05 9.99011E-05 0.0271359 0.00481439 9.99011E-05 9.99011E-05 9.99011E-05 0.00163582 0.741275
0.00756397 0.00544192 0.000640787 9.99101E-05 9.99101E-05 9.99101E-05 9.99101E-05 0.00439425 9.99101E-05 9.99101E-05 9.99101E-05 0.00152242 0.00471357 9.99101E-05 9.99101E-05 9.99101E-05 0.00176789 0.972956
0.0103953 0.00746031 0.000242866 9.99101E-05 9.99101E-05 9.99101E-05 9.99101E-05 0.00488912 9.99101E-05 9.99101E-05 9.99101E-05 0.00276853 0.00541941 9.99101E-05 9.99101E-05 9.99101E-05 0.00213148 0.965694
0.27423 9.99191E-05 0.0454403 9.99191E-05 9.99191E-05 0.0175394 9.99191E-05 0.193747 9.99191E-05 9.99191E-05 9.99191E-05 0.113431 0.233376 0.00457007 0.0177103 9.99191E-05 9.99191E-05 0.0990576
0.0119125 0.0133609 0.00159403 9.99101E-05 9.99101E-05 9.99101E-05 9.99101E-05 0.00744235 9.99101E-05 9.99101E-05 9.99101E-05 0.00296867 0.00848677 9.99101E-05 9.99101E-05 9.99101E-05 0.00433419 0.948901
9.98562E-05 9.98562E-05 9.98562E-05 9.98562E-05 9.98562E-05 9.98562E-05 9.98562E-05 9.98562E-05 9.98562E-05 9.98562E-05 0.939105 9.98562E-05 9.98562E-05 9.98562E-05 9.98562E-05 0.0592978 9.98562E-05 9.98562E-05
0.00466151 9.98832E-05 9.98832E-05 9.98832E-05 9.98832E-05 9.98832E-05 9.98832E-05 0.00201875 9.98832E-05 9.98832E-05 9.98832E-05 0.000287503 0.00189379 9.98832E-05 9.98832E-05 9.98832E-05 9.98832E-05 0.98984
9.98922E-05 9.98922E-05 0.0374358 0.0158668 9.98922E-05 9.98922E-05 9.98922E-05 9.98922E-05 9.98922E-05 9.98922E-05 9.98922E-05 0.104192 9.98922E-05 0.0266972 0.0143574 9.98922E-05 9.98922E-05 0.800252
9.98872E-05 9.98872E-05 0.228391 9.98872E-05 9.98872E-05 9.98872E-05 9.98872E-05 9.98872E-05 9.98872E-05 9.98872E-05 9.98872E-05 0.29423 9.98872E-05 0.193033 0.097911 9.98872E-05 9.98872E-05 0.185137
0.00309907 0.00993597 0.0384684 9.99281E-05 9.99281E-05 9.99281E-05 9.99281E-05 0.00488191 9.99281E-05 9.99281E-05 9.99281E-05 0.106985 0.00613693 0.0283864 0.0149161 9.99281E-05 0.00239066 0.784
9.99191E-05 9.99191E-05 0.0484685 9.99191E-05 9.99191E-05 0.00798058 9.99191E-05 0.116054 9.99191E-05 0.0203457 0.517383 0.111287 0.148462 9.99191E-05 0.012002 9.99191E-05 9.99191E-05 0.017117
9.98563E-05 9.98563E-05 9.98563E-05 9.98563E-05 9.98563E-05 9.98563E-05 9.98563E-05 9.98563E-05 9.98563E-05 9.98563E-05 0.945559 9.98563E-05 9.98563E-05 9.98563E-05 9.98563E-05 0.0528436 9.98563E-05 9.98563E-05
0.998303 9.98473E-05 9.98473E-05 9.98473E-05 9.98473E-05 9.98473E-05 9.98473E-05 9.98473E-05 9.98473E-05 9.98473E-05 9.98473E-05 9.98473E-05 9.98473E-05 9.98473E-05 9.98473E-05 9.98473E-05 9.98473E-05 9.98473E-05
0.00845168 0.00895656 0.00109196 9.99101E-05 9.99101E-05 9.99101E-05 9.99101E-05 0.00753768 9.99101E-05 9.99101E-05 9.99101E-05 0.0021698 0.00677332 9.99101E-05 9.99101E-05 9.99101E-05 0.00295439 0.961066
0.275228 9.99191E-05 0.0449586 9.99191E-05 9.99191E-05 0.0176773 9.99191E-05 0.191862 9.99191E-05 9.99191E-05 9.99191E-05 0.112745 0.232569 0.00515485 0.0180328 9.99191E-05 9.99191E-05 0.100873
0.0489201 9.98832E-05 9.98832E-05 9.98832E-05 9.98832E-05 0.000226903 9.98832E-05 0.0334964 9.98832E-05 9.98832E-05 9.98832E-05 9.98832E-05 0.872549 9.98832E-05 9.98832E-05 9.98832E-05 9.98832E-05 0.0435096
0.00756397 0.00544192 0.000640787 9.99101E-05 9.99101E-05 9.99101E-05 9.99101E-05 0.00439425 9.99101E-05 9.99101E-05 9.99101E-05 0.00152242 0.00471357 9.99101E-05 9.99101E-05 9.99101E-05 0.00176789 0.972956
9.98473E-05 9.98473E-05 9.98473E-05 9.98473E-05 9.98473E-05 9.98473E-05 9.98473E-05 9.98473E-05 9.98473E-05 9.98473E-05 9.98473E-05 9.98473E-05 9.98473E-05 9.98473E-05 9.98473E-05 9.98473E-05 9.98473E-05 0.998303
0.0133031 0.0167804 0.00213385 9.99101E-05 9.99101E-05 9.99101E-05 9.99101E-05 0.0087282 9.99101E-05 9.99101E-05 9.99101E-05 0.00383256 0.00997861 9.99101E-05 9.99101E-05 9.99101E-05 0.00568777 0.938556
0.818998 9.98742E-05 9.98742E-05 9.98742E-05 0.167878 9.98742E-05 9.98742E-05 9.98742E-05 9.98742E-05 9.98742E-05 0.00978911 9.98742E-05 0.00193628 9.98742E-05 9.98742E-05 9.98742E-05 9.98742E-05 9.98742E-05
9.98652E-05 9.98652E-05 9.98652E-05 9.98652E-05 9.98652E-05 9.98652E-05 9.98652E-05 9.98652E-05 9.98652E-05 0.0777838 9.98652E-05 9.98652E-05 9.98652E-05 9.98652E-05 0.0674084 9.98652E-05 9.98652E-05 0.85331
0.993149 9.98742E-05 9.98742E-05 9.98742E-05 9.98742E-05 9.98742E-05 9.98742E-05 9.98742E-05 9.98742E-05 9.98742E-05 0.00281305 9.98742E-05 0.000334941 9.98742E-05 9.98742E-05 9.98742E-05 9.98742E-05 0.00230457
9.98562E-05 9.98562E-05 9.98562E-05 9.98562E-05 9.98562E-05 9.98562E-05 0.116416 9.98562E-05 9.98562E-05 9.98562E-05 0.881986 9.98562E-05 9.98562E-05 9.98562E-05 9.98562E-05 9.98562E-05 9.98562E-05 9.98562E-05
0.00510179 0.00404828 0.000468991 9.99101E-05 9.99101E-05 9.99101E-05 9.99101E-05 0.0141463 9.99101E-05 9.99101E-05 9.99101E-05 0.000928146 0.000302031 9.99101E-05 9.99101E-05 9.99101E-05 0.0123552 0.96165
0.0126126 0.01508 0.00186513 9.99101E-05 9.99101E-05 9.99101E-05 9.99101E-05 0.00808885 9.99101E-05 9.99101E-05 9.99101E-05 0.00340251 0.00923705 9.99101E-05 9.99101E-05 9.99101E-05 0.00501417 0.943701
0.00515968 0.00346661 0.000189596 9.99191E-05 9.99191E-05 9.99191E-05 9.99191E-05 0.00471993 9.99191E-05 9.99191E-05 0.000809939 0.000692 0.00583934 9.99191E-05 9.99191E-05 9.99191E-05 0.00069221 0.977531
9.98473E-05 9.98473E-05 9.98473E-05 9.98473E-05 9.98473E-05 9.98473E-05 9.98473E-05 9.98473E-05 9.98473E-05 9.98473E-05 9.98473E-05 9.98473E-05 9.98473E-05 9.98473E-05 9.98473E-05 9.98473E-05 9.98473E-05 0.998303
9.98473E-05 9.98473E-05 0.998303 9.98473E-05 9.98473E-05 9.98473E-05 9.98473E-05 9.98473E-05 9.98473E-05 9.98473E-05 9.98473E-05 9.98473E-05 9.98473E-05 9.98473E-05 9.98473E-05 9.98473E-05 9.98473E-05 9.98473E-05
9.98473E-05 9.98473E-05 0.998303 9.98473E-05 9.98473E-05 9.98473E-05 9.98473E-05 9.98473E-05 9.98473E-05 9.98473E-05 9.98473E-05 9.98473E-05 9.98473E-05 9.98473E-05 9.98473E-05 9.98473E-05 9.98473E-05 9.98473E-05
9.98832E-05 9.98832E-05 0.127772 9.98832E-05 9.98832E-05 9.98832E-05 9.98832E-05 9.98832E-05 9.98832E-05 9.98832E-05 9.98832E-05 0.42899 9.98832E-05 0.132841 0.0536417 9.98832E-05 9.98832E-05 0.255457
0.0102138 0.00719652 0.000825566 9.99101E-05 9.99101E-05 9.99101E-05 9.99101E-05 0.00620658 9.99101E-05 9.99101E-05 9.99101E-05 0.00171704 0.00520175 9.99101E-05 9.99101E-05 9.99101E-05 0.00225776 0.965382
0.0124217 0.015099 0.00187378 9.99191E-05 9.99191E-05 9.99191E-05 0.000206251 0.00809405 9.99191E-05 9.99191E-05 9.99191E-05 0.00339218 0.00924403 9.99191E-05 9.99191E-05 9.99191E-05 0.00501773 0.943752
0.0103292 0.0107202 0.0013195 9.99101E-05 9.99101E-05 9.99101E-05 9.99101E-05 0.0064175 9.99101E-05 9.99101E-05 9.99101E-05 0.00253314 0.00719127 9.99101E-05 9.99101E-05 9.99101E-05 0.0035459 0.956944
0.00851963 0.0119818 0.00144516 9.99001E-05 9.99001E-05 9.99001E-05 9.99001E-05 0.00504627 9.99001E-05 9.99001E-05 9.99001E-05 0.00262326 0.0150288 9.99001E-05 9.99001E-05 9.99001E-05 0.00386394 0.950492
9.98832E-05 9.98832E-05 0.13001 9.98832E-05 9.98832E-05 9.98832E-05 9.98832E-05 9.98832E-05 9.98832E-05 9.98832E-05 9.98832E-05 0.42668 9.98832E-05 0.12981 0.0548121 9.98832E-05 9.98832E-05 0.257388
0.00845168 0.00895656 0.00109196 9.99101E-05 9.99101E-05 9.99101E-05 9.99101E-05 0.00753768 9.99101E-05 9.99101E-05 9.99101E-05 0.0021698 0.00677332 9.99101E-05 9.99101E-05 9.99101E-05 0.00295439 0.961066
9.98832E-05 9.98832E-05 0.0330484 9.98832E-05 9.98832E-05 9.98832E-05 9.98832E-05 9.98832E-05 9.98832E-05 9.98832E-05 9.98832E-05 0.0986569 9.98832E-05 0.028294 0.0100294 9.98832E-05 9.98832E-05 0.828673
0.998303 9.98473E-05 9.98473E-05 9.98473E-05 9.98473E-05 9.98473E-05 9.98473E-05 9.98473E-05 9.98473E-05 9.98473E-05 9.98473E-05 9.98473E-05 9.98473E-05 9.98473E-05 9.98473E-05 9.98473E-05 9.98473E-05 9.98473E-05
0.486762 9.98653E-05 9.98653E-05 9.98653E-05 9.98653E-05 9.98653E-05 9.98653E-05 9.98653E-05 9.98653E-05 9.98653E-05 9.98653E-05 9.98653E-05 9.98653E-05 0.00881227 9.98653E-05 9.98653E-05 9.98653E-05 0.502928
9.98473E-05 9.98473E-05 9.98473E-05 9.98473E-05 9.98473E-05 9.98473E-05 9.98473E-05 9.98473E-05 9.98473E-05 9.98473E-05 9.98473E-05 9.98473E-05 9.98473E-05 9.98473E-05 9.98473E-05 9.98473E-05 9.98473E-05 0.998303
9.98563E-05 9.98563E-05 9.98563E-05 9.98563E-05 9.98563E-05 9.98563E-05 0.103012 9.98563E-05 9.98563E-05 9.98563E-05 9.98563E-05 9.98563E-05 9.98563E-05 9.98563E-05 9.98563E-05 9.98563E-05 9.98563E-05 0.89539
0.00799738 9.98652E-05 9.98652E-05 9.98652E-05 9.98652E-05 9.98652E-05 9.98652E-05 9.98652E-05 9.98652E-05 9.98652E-05 0.986518 9.98652E-05 0.00398667 9.98652E-05 9.98652E-05 9.98652E-05 9.98652E-05 9.98652E-05
0.0307784 9.98652E-05 9.98652E-05 9.98652E-05 9.98652E-05 9.98652E-05 9.98652E-05 9.98652E-05 9.98652E-05 0.0017504 0.965973 9.98652E-05 9.98652E-05 9.98652E-05 9.98652E-05 9.98652E-05 9.98652E-05 9.98652E-05
0.157703 9.98652E-05 9.98652E-05 9.98652E-05 9.98652E-05 9.98652E-05 9.98652E-05 9.98652E-05 9.98652E-05 0.0163085 0.824491 9.98652E-05 9.98652E-05 9.98652E-05 9.98652E-05 9.98652E-05 9.98652E-05 9.98652E-05
0.0204225 9.98742E-05 9.98742E-05 9.98742E-05 9.98742E-05 9.98742E-05 9.98742E-05 9.98742E-05 9.98742E-05 0.000467612 0.975812 9.98742E-05 9.98742E-05 0.00190003 9.98742E-05 9.98742E-05 9.98742E-05 9.98742E-05
9.98563E-05 9.98563E-05 9.98563E-05 9.98563E-05 9.98563E-05 9.98563E-05 0.114789 9.98563E-05 9.98563E-05 9.98563E-05 0.883614 9.98563E-05 9.98563E-05 9.98563E-05 9.98563E-05 9.98563E-05 9.98563E-05 9.98563E-05
0.141381 9.98652E-05 9.98652E-05 9.98652E-05 9.98652E-05 9.98652E-05 9.98652E-05 9.98652E-05 9.98652E-05 0.0144212 0.8427 9.98652E-05 9.98652E-05 9.98652E-05 9.98652E-05 9.98652E-05 9.98652E-05 9.98652E-05
0.00890233 0.00723088 0.000770854 9.99101E-05 9.99101E-05 9.99101E-05 9.99101E-05 0.00510492 9.99101E-05 9.99101E-05 9.99101E-05 0.0016552 0.00566677 9.99101E-05 9.99101E-05 9.99101E-05 0.00216865 0.967501
9.98563E-05 9.98563E-05 9.98563E-05 9.98563E-05 9.98563E-05 9.98563E-05 0.117473 9.98563E-05 9.98563E-05 9.98563E-05 0.880929 9.98563E-05 9.98563E-05 9.98563E-05 9.98563E-05 9.98563E-05 9.98563E-05 9.98563E-05
9.98563E-05 9.98563E-05 9.98563E-05 9.98563E-05 9.98563E-05 9.98563E-05 0.106522 9.98563E-05 9.98563E-05 9.98563E-05 9.98563E-05 9.98563E-05 9.98563E-05 9.98563E-05 9.98563E-05 9.98563E-05 9.98563E-05 0.89188
9.98563E-05 9.98563E-05 9.98563E-05 9.98563E-05 9.98563E-05 9.98563E-05 0.107331 9.98563E-05 9.98563E-05 9.98563E-05 9.98563E-05 9.98563E-05 9.98563E-05 9.98563E-05 9.98563E-05 9.98563E-05 9.98563E-05 0.891071
0.985028 9.98832E-05 9.98832E-05 9.98832E-05 9.98832E-05 9.98832E-05 9.98832E-05 0.000682392 9.98832E-05 9.98832E-05 0.00818759 9.98832E-05 0.00325369 9.98832E-05 9.98832E-05 9.98832E-05 9.98832E-05 0.00154941
9.98473E-05 9.98473E-05 9.98473E-05 9.98473E-05 9.98473E-05 9.98473E-05 9.98473E-05 9.98473E-05 9.98473E-05 0.998303 9.98473E-05 9.98473E-05 9.98473E-05 9.98473E-05 9.98473E-05 9.98473E-05 9.98473E-05 9.98473E-05
9.98473E-05 9.98473E-05 9.98473E-05 9.98473E-05 9.98473E-05 9.98473E-05 9.98473E-05 9.98473E-05 9.98473E-05 0.998303 9.98473E-05 9.98473E-05 9.98473E-05 9.98473E-05 9.98473E-05 9.98473E-05 9.98473E-05 9.98473E-05
0.00751888 9.98652E-05 9.98652E-05 9.98652E-05 9.98652E-05 9.98652E-05 9.98652E-05 9.98652E-05 9.98652E-05 0.977295 0.0136884 9.98652E-05 9.98652E-05 9.98652E-05 9.98652E-05 9.98652E-05 9.98652E-05 9.98652E-05
9.98742E-05 9.98742E-05 0.0306709 9.98742E-05 9.98742E-05 9.98742E-05 9.98742E-05 9.98742E-05 9.98742E-05 0.89197 9.98742E-05 0.0694682 9.98742E-05 9.98742E-05 0.00649292 9.98742E-05 9.98742E-05 9.98742E-05
0.00751888 9.98652E-05 9.98652E-05 9.98652E-05 9.98652E-05 9.98652E-05 9.98652E-05 9.98652E-05 9.98652E-05 0.977295 0.0136884 9.98652E-05 9.98652E-05 9.98652E-05 9.98652E-05 9.98652E-05 9.98652E-05 9.98652E-05
0.0144807 9.98652E-05 9.98652E-05 9.98652E-05 9.98652E-05 9.98652E-05 9.98652E-05 9.98652E-05 9.98652E-05 0.933966 0.0500554 9.98652E-05 9.98652E-05 9.98652E-05 9.98652E-05 9.98652E-05 9.98652E-05 9.98652E-05
0.00113274 9.98652E-05 9.98652E-05 9.98652E-05 9.98652E-05 9.98652E-05 9.98652E-05 9.98652E-05 9.98652E-05 0.98865 0.00871899 9.98652E-05 9.98652E-05 9.98652E-05 9.98652E-05 9.98652E-05 9.98652E-05 9.98652E-05
0.28045 9.99011E-05 9.99011E-05 9.99011E-05 9.99011E-05 0.0174776 9.99011E-05 0.195834 9.99011E-05 0.000728736 9.99011E-05 0.00260559 0.237136 9.99011E-05 9.99011E-05 9.99011E-05 9.99011E-05 0.264669
0.0232968 9.98652E-05 9.98652E-05 9.98652E-05 9.98652E-05 9.98652E-05 9.98652E-05 9.98652E-05 9.98652E-05 0.875844 0.0993615 9.98652E-05 9.98652E-05 9.98652E-05 9.98652E-05 9.98652E-05 9.98652E-05 9.98652E-05
9.98563E-05 0.0276073 9.98563E-05 9.98563E-05 9.98563E-05 9.98563E-05 9.98563E-05 9.98563E-05 9.98563E-05 0.970795 9.98563E-05 9.98563E-05 9.98563E-05 9.98563E-05 9.98563E-05 9.98563E-05 9.98563E-05 9.98563E-05
9.98563E-05 9.98563E-05 9.98563E-05 9.98563E-05 9.98563E-05 9.98563E-05 9.98563E-05 9.98563E-05 9.98563E-05 0.987502 9.98563E-05 9.98563E-05 9.98563E-05 9.98563E-05 0.0109 9.98563E-05 9.98563E-05 9.98563E-05
9.98742E-05 9.98742E-05 0.0162857 9.98742E-05 9.98742E-05 9.98742E-05 9.98742E-05 9.98742E-05 9.98742E-05 9.98742E-05 9.98742E-05 0.00871528 9.98742E-05 0.0102662 0.963335 9.98742E-05 9.98742E-05 9.98742E-05
0.123912 9.98652E-05 9.98652E-05 9.98652E-05 9.98652E-05 9.98652E-05 9.98652E-05 9.98652E-05 9.98652E-05 0.0126909 0.861899 9.98652E-05 9.98652E-05 9.98652E-05 9.98652E-05 9.98652E-05 9.98652E-05 9.98652E-05
9.98563E-05 9.98563E-05 9.98563E-05 9.98563E-05 9.98563E-05 9.98563E-05 0.028406 9.98563E-05 9.98563E-05 9.98563E-05 9.98563E-05 9.98563E-05 9.98563E-05 9.98563E-05 0.969996 9.98563E-05 9.98563E-05 9.98563E-05
0.00188935 9.99011E-05 9.99011E-05 0.0079557 0.0117417 9.99011E-05 9.99011E-05 9.99011E-05 0.00402396 0.0115576 0.850153 0.11158 9.99011E-05 9.99011E-05 9.99011E-05 9.99011E-05 9.99011E-05 9.99011E-05
9.98922E-05 9.98922E-05 9.98922E-05 0.00374265 0.0102293 9.98922E-05 9.98922E-05 9.98922E-05 0.0027027 0.00951569 0.861829 0.110782 9.98922E-05 9.98922E-05 9.98922E-05 9.98922E-05 9.98922E-05 9.98922E-05
