9.99011E-05 9.99011E-05 9.99011E-05 9.99011E-05 0.483965 0.0766468 0.176239 9.99011E-05 9.99011E-05 9.99011E-05 9.99011E-05 0.26205 9.99011E-05 9.99011E-05 9.99011E-05
9.98742E-05 9.98742E-05 9.98742E-05 9.98742E-05 9.98742E-05 9.98742E-05 9.98742E-05 0.998602 9.98742E-05 9.98742E-05 9.98742E-05 9.98742E-05 9.98742E-05 9.98742E-05 9.98742E-05
0.0218186 9.99371E-05 9.99371E-05 0.00621265 0.00165919 9.99371E-05 0.00146243 9.99371E-05 0.00882736 0.00420433 9.99371E-05 0.945469 0.00964672 9.99371E-05 9.99371E-05
9.99191E-05 9.99191E-05 9.99191E-05 0.0030794 9.99191E-05 9.99191E-05 9.99191E-05 0.0188993 0.0080883 9.99191E-05 9.99191E-05 0.00597974 0.958796 9.99191E-05 0.00425841
9.99191E-05 9.99191E-05 9.99191E-05 0.00393747 9.99191E-05 9.99191E-05 9.99191E-05 0.0216698 0.00890485 9.99191E-05 9.99191E-05 0.00713427 0.952467 9.99191E-05 0.00498694
9.99191E-05 9.99191E-05 9.99191E-05 0.00350965 9.99191E-05 9.99191E-05 9.99191E-05 0.0202889 0.00849804 9.99191E-05 9.99191E-05 0.00655874 0.955622 9.99191E-05 0.00462372
9.98742E-05 9.98742E-05 9.98742E-05 9.98742E-05 9.98742E-05 9.98742E-05 9.98742E-05 9.98742E-05 9.98742E-05 9.98742E-05 9.98742E-05 9.98742E-05 0.998602 9.98742E-05 9.98742E-05
9.99012E-05 0.0142168 9.99012E-05 9.99012E-05 9.99012E-05 9.99012E-05 9.99012E-05 0.769563 9.99012E-05 9.99012E-05 9.99012E-05 9.99012E-05 0.195183 0.0199386 9.99012E-05
9.99191E-05 9.99191E-05 9.99191E-05 0.00350965 9.99191E-05 9.99191E-05 9.99191E-05 0.0202889 0.00849804 9.99191E-05 9.99191E-05 0.00655874 0.955622 9.99191E-05 0.00462372
9.99191E-05 9.99191E-05 9.99191E-05 0.00393747 9.99191E-05 9.99191E-05 9.99191E-05 0.0216698 0.00890485 9.99191E-05 9.99191E-05 0.00713427 0.952467 9.99191E-05 0.00498694
9.99101E-05 9.99101E-05 0.00114614 9.99101E-05 9.99101E-05 9.99101E-05 9.99101E-05 0.0171699 0.0162719 9.99101E-05 9.99101E-05 9.99101E-05 0.962421 9.99101E-05 0.00199228
9.99191E-05 9.99191E-05 9.99191E-05 0.0025103 9.99191E-05 9.99191E-05 9.99191E-05 0.0167954 0.0073738 9.99191E-05 9.99191E-05 0.00517336 0.963483 9.99191E-05 0.00376502
9.99191E-05 9.99191E-05 9.99191E-05 0.0030794 9.99191E-05 9.99191E-05 9.99191E-05 0.0188993 0.0080883 9.99191E-05 9.99191E-05 0.00597974 0.958796 9.99191E-05 0.00425841
0.000127823 0.0295302 9.99101E-05 9.99101E-05 9.99101E-05 9.99101E-05 9.99101E-05 0.679056 9.99101E-05 9.99101E-05 9.99101E-05 9.99101E-05 0.26194 0.0283464 9.99101E-05
9.98742E-05 9.98742E-05 9.98742E-05 9.98742E-05 9.98742E-05 9.98742E-05 9.98742E-05 9.98742E-05 9.98742E-05 9.98742E-05 9.98742E-05 9.98742E-05 0.998602 9.98742E-05 9.98742E-05
9.99012E-05 0.0158783 9.99012E-05 9.99012E-05 9.99012E-05 9.99012E-05 9.99012E-05 0.760392 9.99012E-05 9.99012E-05 9.99012E-05 9.99012E-05 0.201721 0.0209099 9.99012E-05
0.0121435 9.99191E-05 9.99191E-05 0.00277094 9.99191E-05 9.99191E-05 9.99191E-05 0.0185265 0.00613531 9.99191E-05 9.99191E-05 9.99191E-05 0.955341 9.99191E-05 0.00418364
9.99011E-05 9.99011E-05 9.99011E-05 9.99011E-05 9.99011E-05 0.0272004 9.99011E-05 0.0178577 9.99011E-05 9.99011E-05 9.99011E-05 9.99011E-05 0.949795 9.99011E-05 0.00404827
9.99011E-05 0.953661 9.99011E-05 9.99011E-05 9.99011E-05 9.99011E-05 9.99011E-05 0.0332741 0.000964458 9.99011E-05 9.99011E-05 9.99011E-05 0.0110015 9.99011E-05 9.99011E-05
9.98742E-05 9.98742E-05 9.98742E-05 9.98742E-05 9.98742E-05 9.98742E-05 9.98742E-05 9.98742E-05 9.98742E-05 9.98742E-05 9.98742E-05 0.998602 9.98742E-05 9.98742E-05 9.98742E-05
0.561348 9.99011E-05 9.99011E-05 0.00120369 9.99011E-05 9.99011E-05 9.99011E-05 9.99011E-05 9.99011E-05 9.99011E-05 9.99011E-05 0.43537 9.99011E-05 0.000979723 9.99011E-05
9.99011E-05 9.99011E-05 9.99011E-05 9.99011E-05 9.99011E-05 9.99011E-05 9.99011E-05 0.00384545 0.00767675 9.99011E-05 9.99011E-05 9.99011E-05 0.982314 9.99011E-05 0.0050647
0.00376816 9.98922E-05 9.98922E-05 9.98922E-05 9.98922E-05 9.98922E-05 9.98922E-05 9.98922E-05 9.98922E-05 9.98922E-05 9.98922E-05 0.938401 0.0566324 9.98922E-05 9.98922E-05
9.99191E-05 9.99191E-05 9.99191E-05 0.000474804 9.99191E-05 9.99191E-05 9.99191E-05 0.0168936 0.00982682 9.99191E-05 9.99191E-05 0.00797005 0.960171 9.99191E-05 0.00376424
0.00723892 9.99371E-05 9.99371E-05 9.99371E-05 0.127011 0.0209556 0.0373967 9.99371E-05 0.00422992 9.99371E-05 0.000202052 0.800847 0.00141889 9.99371E-05 9.99371E-05
9.99191E-05 0.011848 9.99191E-05 9.99191E-05 0.116107 9.99191E-05 9.99191E-05 0.795646 9.99191E-05 9.99191E-05 9.99191E-05 9.99191E-05 0.0409977 0.0180633 0.0164384
9.99191E-05 9.99191E-05 9.99191E-05 0.00299633 9.99191E-05 9.99191E-05 9.99191E-05 0.0202767 0.00783846 9.99191E-05 9.99191E-05 0.0085191 0.954844 9.99191E-05 0.00462651
9.99191E-05 9.99191E-05 9.99191E-05 0.00393747 9.99191E-05 9.99191E-05 9.99191E-05 0.0216698 0.00890485 9.99191E-05 9.99191E-05 0.00713427 0.952467 9.99191E-05 0.00498694
9.98742E-05 9.98742E-05 9.98742E-05 9.98742E-05 9.98742E-05 9.98742E-05 9.98742E-05 9.98742E-05 9.98742E-05 9.98742E-05 9.98742E-05 9.98742E-05 0.998602 9.98742E-05 9.98742E-05
9.98832E-05 0.983484 9.98832E-05 9.98832E-05 9.98832E-05 9.98832E-05 9.98832E-05 9.98832E-05 9.98832E-05 9.98832E-05 0.0152176 9.98832E-05 9.98832E-05 9.98832E-05 9.98832E-05
0.00122855 0.0234601 9.99101E-05 9.99101E-05 9.99101E-05 9.99101E-05 9.99101E-05 0.705689 9.99101E-05 9.99101E-05 9.99101E-05 9.99101E-05 0.241727 0.0268962 9.99101E-05
9.99011E-05 9.99011E-05 9.99011E-05 9.99011E-05 9.99011E-05 0.0616637 9.99011E-05 0.0177601 9.99011E-05 9.99011E-05 9.99011E-05 9.99011E-05 0.915315 9.99011E-05 0.0041627
9.99011E-05 0.147468 0.184519 9.99011E-05 9.99011E-05 9.99011E-05 9.99011E-05 0.650304 9.99011E-05 9.99011E-05 9.99011E-05 9.99011E-05 9.99011E-05 0.0166094 9.99011E-05
9.99191E-05 9.99191E-05 9.99191E-05 0.00393747 9.99191E-05 9.99191E-05 9.99191E-05 0.0216698 0.00890485 9.99191E-05 9.99191E-05 0.00713427 0.952467 9.99191E-05 0.00498694
0.0234657 9.99371E-05 9.99371E-05 0.00948871 0.00378471 9.99371E-05 0.00259193 9.99371E-05 0.01276 0.00734124 9.99371E-05 0.925842 0.0140266 9.99371E-05 9.99371E-05
9.99191E-05 9.99191E-05 9.99191E-05 0.00322296 9.99191E-05 9.99191E-05 9.99191E-05 0.0192222 0.00813817 9.99191E-05 9.99191E-05 0.00614274 0.958001 9.99191E-05 0.00437355
0.261376 9.99101E-05 9.99101E-05 9.99101E-05 9.99101E-05 9.99101E-05 9.99101E-05 0.00816011 9.99101E-05 9.99101E-05 9.99101E-05 9.99101E-05 0.718788 0.00721409 0.00346227
0.00669158 0.76014 9.98922E-05 9.98922E-05 9.98922E-05 9.98922E-05 9.98922E-05 9.98922E-05 9.98922E-05 9.98922E-05 9.98922E-05 0.23197 9.98922E-05 9.98922E-05 9.98922E-05
9.99011E-05 0.0262537 9.99011E-05 9.99011E-05 9.99011E-05 9.99011E-05 9.99011E-05 0.711579 9.99011E-05 9.99011E-05 9.99011E-05 9.99011E-05 0.235528 0.0255398 9.99011E-05
9.99191E-05 9.99191E-05 9.99191E-05 0.00128659 9.99191E-05 9.99191E-05 9.99191E-05 0.0161839 0.0054277 9.99191E-05 9.99191E-05 0.00562629 0.967653 9.99191E-05 0.00292307
0.680574 9.98922E-05 9.98922E-05 9.98922E-05 9.98922E-05 9.98922E-05 9.98922E-05 9.98922E-05 0.078458 9.98922E-05 9.98922E-05 0.23977 9.98922E-05 9.98922E-05 9.98922E-05
9.98832E-05 9.98832E-05 9.98832E-05 9.98832E-05 9.98832E-05 9.98832E-05 9.98832E-05 9.98832E-05 0.00202448 9.98832E-05 9.98832E-05 0.996677 9.98832E-05 9.98832E-05 9.98832E-05
9.98832E-05 9.98832E-05 9.98832E-05 9.98832E-05 9.98832E-05 9.98832E-05 9.98832E-05 9.98832E-05 9.98832E-05 9.98832E-05 9.98832E-05 0.522072 0.47663 9.98832E-05 9.98832E-05
9.99191E-05 9.99191E-05 9.99191E-05 0.00393747 9.99191E-05 9.99191E-05 9.99191E-05 0.0216698 0.00890485 9.99191E-05 9.99191E-05 0.00713427 0.952467 9.99191E-05 0.00498694
9.99191E-05 9.99191E-05 9.99191E-05 0.00393747 9.99191E-05 9.99191E-05 9.99191E-05 0.0216698 0.00890485 9.99191E-05 9.99191E-05 0.00713427 0.952467 9.99191E-05 0.00498694
9.99011E-05 9.99011E-05 9.99011E-05 9.99011E-05 0.11535 9.99011E-05 9.99011E-05 0.0225523 9.99011E-05 9.99011E-05 9.99011E-05 9.99011E-05 0.840281 9.99011E-05 0.0207179
9.99281E-05 9.99281E-05 0.00862599 0.00257448 9.99281E-05 9.99281E-05 9.99281E-05 0.01479 0.00715634 9.99281E-05 9.99281E-05 0.00487232 0.95787 9.99281E-05 0.00331158
9.99011E-05 0.0263382 9.99011E-05 9.99011E-05 9.99011E-05 9.99011E-05 9.99011E-05 0.70875 9.99011E-05 9.99011E-05 9.99011E-05 9.99011E-05 0.238012 0.0258004 9.99011E-05
9.99011E-05 0.146962 0.18297 9.99011E-05 9.99011E-05 9.99011E-05 9.99011E-05 0.652673 9.99011E-05 9.99011E-05 9.99011E-05 9.99011E-05 9.99011E-05 0.0162961 9.99011E-05
9.99281E-05 9.99281E-05 9.99281E-05 0.00303051 0.00200991 9.99281E-05 9.99281E-05 0.0189785 0.00805271 9.99281E-05 9.99281E-05 0.00421585 0.958672 9.99281E-05 0.00424077
9.99012E-05 0.0139089 9.99012E-05 9.99012E-05 9.99012E-05 9.99012E-05 9.99012E-05 9.99012E-05 9.99012E-05 9.99012E-05 0.115795 9.99012E-05 0.868328 9.99012E-05 0.00086897
9.99191E-05 9.99191E-05 9.99191E-05 0.00308675 9.99191E-05 9.99191E-05 9.99191E-05 0.0189266 0.00809753 9.99191E-05 9.99191E-05 0.00599041 0.958735 9.99191E-05 0.00426482
9.99011E-05 0.0120003 9.99011E-05 9.99011E-05 9.99011E-05 9.99011E-05 9.99011E-05 0.799912 9.99011E-05 9.99011E-05 9.99011E-05 9.99011E-05 0.169733 0.0172556 9.99011E-05
9.99101E-05 0.153442 0.170064 9.99101E-05 9.99101E-05 9.99101E-05 9.99101E-05 0.619037 9.99101E-05 9.99101E-05 9.99101E-05 9.99101E-05 0.0360708 0.0203874 9.99101E-05
9.98742E-05 9.98742E-05 9.98742E-05 9.98742E-05 9.98742E-05 9.98742E-05 9.98742E-05 9.98742E-05 9.98742E-05 9.98742E-05 9.98742E-05 9.98742E-05 0.998602 9.98742E-05 9.98742E-05
0.000993171 0.0265124 9.99101E-05 9.99101E-05 9.99101E-05 9.99101E-05 9.99101E-05 0.683446 9.99101E-05 9.99101E-05 9.99101E-05 9.99101E-05 0.260038 0.0280117 9.99101E-05
9.98901E-05 9.98901E-05 9.98901E-05 9.98901E-05 0.0915995 0.0113073 0.021295 9.98901E-05 9.98901E-05 9.98901E-05 9.98901E-05 9.98901E-05 0.874699 9.98901E-05 9.98901E-05
9.98922E-05 9.98922E-05 9.98922E-05 9.98922E-05 0.00445688 0.00315786 0.991187 9.98922E-05 9.98922E-05 9.98922E-05 9.98922E-05 9.98922E-05 9.98922E-05 9.98922E-05 9.98922E-05
9.99191E-05 9.99191E-05 9.99191E-05 0.00293396 9.99191E-05 9.99191E-05 9.99191E-05 0.0181469 0.00777538 9.99191E-05 9.99191E-05 0.00572338 0.9604 9.99191E-05 0.00412136
9.99011E-05 9.99011E-05 9.99011E-05 9.99011E-05 9.99011E-05 9.99011E-05 9.99011E-05 0.0236435 9.99011E-05 9.99011E-05 9.99011E-05 0.0323744 0.938564 9.99011E-05 0.00431884
0.00122855 0.0234601 9.99101E-05 9.99101E-05 9.99101E-05 9.99101E-05 9.99101E-05 0.705689 9.99101E-05 9.99101E-05 9.99101E-05 9.99101E-05 0.241727 0.0268962 9.99101E-05
9.98742E-05 9.98742E-05 9.98742E-05 9.98742E-05 0.998602 9.98742E-05 9.98742E-05 9.98742E-05 9.98742E-05 9.98742E-05 9.98742E-05 9.98742E-05 9.98742E-05 9.98742E-05 9.98742E-05
9.99101E-05 0.151322 0.179273 9.99101E-05 9.99101E-05 9.99101E-05 9.99101E-05 0.619783 9.99101E-05 9.99101E-05 9.99101E-05 9.99101E-05 0.01732 0.0313033 9.99101E-05
0.0120201 9.99461E-05 9.99461E-05 0.00500022 0.00155451 9.99461E-05 0.000581183 9.99461E-05 0.00733114 0.0029473 0.00286099 0.958121 0.00898354 9.99461E-05 9.99461E-05
0.0162749 9.99281E-05 0.00886277 9.99281E-05 9.99281E-05 9.99281E-05 0.00240922 9.99281E-05 9.99281E-05 0.00254426 9.99281E-05 0.472398 0.495052 9.99281E-05 0.00165886
0.0116668 9.9946E-05 9.9946E-05 0.00822852 0.123501 0.0184714 0.0469442 9.9946E-05 0.00927959 0.00807404 9.9946E-05 0.770313 0.00292204 9.9946E-05 9.9946E-05
0.000838964 0.0226914 9.99101E-05 9.99101E-05 9.99101E-05 9.99101E-05 9.99101E-05 0.709682 9.99101E-05 9.99101E-05 9.99101E-05 9.99101E-05 0.23924 0.0265484 9.99101E-05
9.99191E-05 0.0237219 0.013364 9.99191E-05 9.99191E-05 9.99191E-05 9.99191E-05 0.705992 9.99191E-05 9.99191E-05 0.0179051 9.99191E-05 0.199869 0.0382484 9.99191E-05
9.99101E-05 0.145133 0.190915 9.99101E-05 9.99101E-05 9.99101E-05 9.99101E-05 0.622477 9.99101E-05 9.99101E-05 0.0117614 9.99101E-05 9.99101E-05 0.0287142 9.99101E-05
9.99101E-05 0.14625 0.19008 9.99101E-05 9.99101E-05 9.99101E-05 9.99101E-05 0.621162 9.99101E-05 9.99101E-05 0.0122681 9.99101E-05 9.99101E-05 0.0292409 9.99101E-05
0.00133149 9.98922E-05 9.98922E-05 9.98922E-05 0.946393 9.98922E-05 9.98922E-05 9.98922E-05 9.98922E-05 9.98922E-05 9.98922E-05 0.0510771 9.98922E-05 9.98922E-05 9.98922E-05
9.99191E-05 9.99191E-05 9.99191E-05 0.00183138 9.99191E-05 9.99191E-05 9.99191E-05 0.0144674 0.00665221 9.99191E-05 9.99191E-05 0.00421448 0.968736 9.99191E-05 0.00319946
0.00268051 9.99191E-05 9.99191E-05 9.99191E-05 0.0845029 0.060577 0.814475 9.99191E-05 9.99191E-05 0.00963004 9.99191E-05 0.027235 9.99191E-05 9.99191E-05 9.99191E-05
9.98742E-05 9.98742E-05 9.98742E-05 9.98742E-05 0.998602 9.98742E-05 9.98742E-05 9.98742E-05 9.98742E-05 9.98742E-05 9.98742E-05 9.98742E-05 9.98742E-05 9.98742E-05 9.98742E-05
0.0231602 9.98955E-05 9.98955E-05 9.98955E-05 9.98955E-05 9.98955E-05 9.98955E-05 9.98955E-05 9.98955E-05 9.98955E-05 9.98955E-05 0.368279 0.607363 9.98955E-05 9.98955E-05
9.99101E-05 9.99101E-05 9.99101E-05 0.0274826 9.99101E-05 9.99101E-05 9.99101E-05 9.99101E-05 0.884533 9.99101E-05 0.00314825 0.0400344 0.0438025 9.99101E-05 9.99101E-05
0.00416718 9.99191E-05 9.99191E-05 0.00380807 9.99191E-05 9.99191E-05 9.99191E-05 9.99191E-05 0.00446825 0.000662004 9.99191E-05 0.982019 0.00397606 9.99191E-05 9.99191E-05
9.98742E-05 9.98742E-05 9.98742E-05 9.98742E-05 9.98742E-05 9.98742E-05 9.98742E-05 9.98742E-05 9.98742E-05 0.998602 9.98742E-05 9.98742E-05 9.98742E-05 9.98742E-05 9.98742E-05
9.98742E-05 9.98742E-05 9.98742E-05 9.98742E-05 9.98742E-05 9.98742E-05 0.998602 9.98742E-05 9.98742E-05 9.98742E-05 9.98742E-05 9.98742E-05 9.98742E-05 9.98742E-05 9.98742E-05
9.99191E-05 9.99191E-05 9.99191E-05 0.00350965 9.99191E-05 9.99191E-05 9.99191E-05 0.0202889 0.00849804 9.99191E-05 9.99191E-05 0.00655874 0.955622 9.99191E-05 0.00462372
9.98832E-05 9.98832E-05 9.98832E-05 9.98832E-05 9.98832E-05 9.98832E-05 9.98832E-05 9.98832E-05 9.98832E-05 0.925488 9.98832E-05 0.0732135 9.98832E-05 9.98832E-05 9.98832E-05
9.99011E-05 9.99011E-05 9.99011E-05 9.99011E-05 0.115398 9.99011E-05 9.99011E-05 0.0286126 9.99011E-05 9.99011E-05 9.99011E-05 9.99011E-05 0.83284 9.99011E-05 0.0220501
9.99011E-05 0.0282026 9.99011E-05 9.99011E-05 9.99011E-05 9.99011E-05 9.99011E-05 0.686419 9.99011E-05 9.99011E-05 9.99011E-05 9.99011E-05 0.256444 0.0278358 9.99011E-05
9.99011E-05 0.0302557 9.99011E-05 9.99011E-05 9.99011E-05 9.99011E-05 9.99011E-05 0.67525 9.99011E-05 9.99011E-05 9.99011E-05 9.99011E-05 0.264739 0.028656 9.99011E-05
0.0218294 9.99371E-05 9.99371E-05 0.00855824 0.00332767 9.99371E-05 0.00235141 9.99371E-05 0.011718 0.00670248 9.99371E-05 0.930326 0.0144872 9.99371E-05 9.99371E-05
9.99011E-05 9.99011E-05 9.99011E-05 9.99011E-05 0.0616006 0.0436974 0.867358 9.99011E-05 9.99011E-05 9.99011E-05 9.99011E-05 0.0262455 9.99011E-05 9.99011E-05 9.99011E-05
0.533375 9.99191E-05 9.99191E-05 0.00532286 9.99191E-05 9.99191E-05 9.99191E-05 9.99191E-05 0.00229122 0.00115131 9.99191E-05 0.45448 9.99191E-05 0.00248003 9.99191E-05
9.99101E-05 9.99101E-05 9.99101E-05 9.99101E-05 9.99101E-05 0.0621168 0.134769 0.0171072 9.99101E-05 9.99101E-05 9.99101E-05 9.99101E-05 0.782409 9.99101E-05 0.00259923
9.98922E-05 9.98922E-05 9.98922E-05 0.0108108 9.98922E-05 9.98922E-05 0.919349 9.98922E-05 9.98922E-05 9.98922E-05 9.98922E-05 0.0686414 9.98922E-05 9.98922E-05 9.98922E-05
9.99191E-05 9.99191E-05 9.99191E-05 0.00393747 9.99191E-05 9.99191E-05 9.99191E-05 0.0216698 0.00890485 9.99191E-05 9.99191E-05 0.00713427 0.952467 9.99191E-05 0.00498694
9.99101E-05 0.153027 0.17239 9.99101E-05 9.99101E-05 9.99101E-05 9.99101E-05 0.620903 9.99101E-05 9.99101E-05 9.99101E-05 9.99101E-05 0.0326421 0.0200387 9.99101E-05
9.98742E-05 9.98742E-05 9.98742E-05 9.98742E-05 0.998602 9.98742E-05 9.98742E-05 9.98742E-05 9.98742E-05 9.98742E-05 9.98742E-05 9.98742E-05 9.98742E-05 9.98742E-05 9.98742E-05
9.99191E-05 9.99191E-05 9.99191E-05 0.00393747 9.99191E-05 9.99191E-05 9.99191E-05 0.0216698 0.00890485 9.99191E-05 9.99191E-05 0.00713427 0.952467 9.99191E-05 0.00498694
9.99191E-05 9.99191E-05 9.99191E-05 0.00393747 9.99191E-05 9.99191E-05 9.99191E-05 0.0216698 0.00890485 9.99191E-05 9.99191E-05 0.00713427 0.952467 9.99191E-05 0.00498694
9.99191E-05 9.99191E-05 9.99191E-05 0.00393747 9.99191E-05 9.99191E-05 9.99191E-05 0.0216698 0.00890485 9.99191E-05 9.99191E-05 0.00713427 0.952467 9.99191E-05 0.00498694
9.98742E-05 9.98742E-05 9.98742E-05 9.98742E-05 0.998602 9.98742E-05 9.98742E-05 9.98742E-05 9.98742E-05 9.98742E-05 9.98742E-05 9.98742E-05 9.98742E-05 9.98742E-05 9.98742E-05
9.99191E-05 9.99191E-05 9.99191E-05 0.00322325 9.99191E-05 9.99191E-05 9.99191E-05 0.0192233 0.00813854 9.99191E-05 9.99191E-05 0.00614317 0.957999 9.99191E-05 0.00437381
0.0218438 9.99371E-05 9.99371E-05 0.00885441 0.00333181 9.99371E-05 0.00234964 9.99371E-05 0.0120934 0.00670436 9.99371E-05 0.930763 0.01336 9.99371E-05 9.99371E-05
0.0218438 9.99371E-05 9.99371E-05 0.00885441 0.00333181 9.99371E-05 0.00234964 9.99371E-05 0.0120934 0.00670436 9.99371E-05 0.930763 0.01336 9.99371E-05 9.99371E-05
9.99281E-05 0.0258848 0.018574 9.99281E-05 0.108177 9.99281E-05 9.99281E-05 0.695595 9.99281E-05 9.99281E-05 9.99281E-05 9.99281E-05 0.109186 0.026585 0.0151984
9.98742E-05 9.98742E-05 9.98742E-05 9.98742E-05 9.98742E-05 9.98742E-05 9.98742E-05 0.998602 9.98742E-05 9.98742E-05 9.98742E-05 9.98742E-05 9.98742E-05 9.98742E-05 9.98742E-05
9.99101E-05 9.99101E-05 9.99101E-05 0.764162 9.99101E-05 9.99101E-05 9.99101E-05 9.99101E-05 0.0694788 9.99101E-05 0.00737206 0.0772148 0.080773 9.99101E-05 9.99101E-05
9.99011E-05 9.99011E-05 9.99011E-05 0.0249338 9.99011E-05 0.0193743 0.794704 9.99011E-05 9.99011E-05 9.99011E-05 9.99011E-05 0.159889 9.99011E-05 9.99011E-05 9.99011E-05
0.226153 9.99011E-05 9.99011E-05 9.99011E-05 9.99011E-05 9.99011E-05 9.99011E-05 0.00712107 9.99011E-05 9.99011E-05 9.99011E-05 9.99011E-05 0.763478 9.99011E-05 0.00214807
0.226112 9.99011E-05 9.99011E-05 9.99011E-05 9.99011E-05 9.99011E-05 9.99011E-05 0.0101574 9.99011E-05 9.99011E-05 9.99011E-05 9.99011E-05 0.7605 9.99011E-05 0.002132
9.98742E-05 9.98742E-05 9.98742E-05 9.98742E-05 9.98742E-05 9.98742E-05 0.998602 9.98742E-05 9.98742E-05 9.98742E-05 9.98742E-05 9.98742E-05 9.98742E-05 9.98742E-05 9.98742E-05
9.98832E-05 9.98832E-05 9.98832E-05 9.98832E-05 9.98832E-05 9.98832E-05 0.93361 9.98832E-05 9.98832E-05 9.98832E-05 9.98832E-05 0.0650914 9.98832E-05 9.98832E-05 9.98832E-05
9.99101E-05 9.99101E-05 9.99101E-05 9.99101E-05 9.99101E-05 0.0643339 9.99101E-05 0.0596745 9.99101E-05 9.99101E-05 0.0154592 9.99101E-05 0.857085 9.99101E-05 0.00244848
9.99101E-05 0.113693 0.184834 0.00774464 9.99101E-05 9.99101E-05 9.99101E-05 9.99101E-05 0.00485242 9.99101E-05 9.99101E-05 9.99101E-05 0.687877 9.99101E-05 9.99101E-05
9.99191E-05 9.99191E-05 9.99191E-05 0.00393747 9.99191E-05 9.99191E-05 9.99191E-05 0.0216698 0.00890485 9.99191E-05 9.99191E-05 0.00713427 0.952467 9.99191E-05 0.00498694
9.98743E-05 9.98743E-05 9.98743E-05 9.98743E-05 9.98743E-05 9.98743E-05 9.98743E-05 9.98743E-05 9.98743E-05 9.98743E-05 9.98743E-05 9.98743E-05 0.998602 9.98743E-05 9.98743E-05
9.98743E-05 9.98743E-05 9.98743E-05 9.98743E-05 9.98743E-05 9.98743E-05 9.98743E-05 9.98743E-05 9.98743E-05 9.98743E-05 9.98743E-05 9.98743E-05 0.998602 9.98743E-05 9.98743E-05
0.00304339 9.99012E-05 9.99012E-05 9.99012E-05 9.99012E-05 9.99012E-05 9.99012E-05 9.99012E-05 9.99012E-05 0.000675436 9.99012E-05 0.949968 9.99012E-05 0.0452143 9.99012E-05
9.98742E-05 9.98742E-05 9.98742E-05 9.98742E-05 9.98742E-05 9.98742E-05 9.98742E-05 9.98742E-05 9.98742E-05 9.98742E-05 9.98742E-05 0.998602 9.98742E-05 9.98742E-05 9.98742E-05
0.00387076 0.00982307 9.99101E-05 9.99101E-05 9.99101E-05 9.99101E-05 9.99101E-05 0.280577 9.99101E-05 9.99101E-05 9.99101E-05 0.694904 9.99101E-05 0.00982632 9.99101E-05
9.99191E-05 9.99191E-05 9.99191E-05 0.00368138 9.99191E-05 9.99191E-05 9.99191E-05 0.0105145 0.00499499 9.99191E-05 9.99191E-05 0.00312319 0.974571 9.99191E-05 0.00221579
0.00331169 9.99188E-05 9.99188E-05 0.00180263 9.99188E-05 9.99188E-05 9.99188E-05 9.99188E-05 0.00376744 9.99188E-05 9.99188E-05 0.985779 0.00434051 9.99188E-05 9.99188E-05
9.99191E-05 9.99191E-05 9.99191E-05 0.00393747 9.99191E-05 9.99191E-05 9.99191E-05 0.0216698 0.00890485 9.99191E-05 9.99191E-05 0.00713427 0.952467 9.99191E-05 0.00498694
9.98742E-05 9.98742E-05 9.98742E-05 9.98742E-05 9.98742E-05 9.98742E-05 9.98742E-05 0.998602 9.98742E-05 9.98742E-05 9.98742E-05 9.98742E-05 9.98742E-05 9.98742E-05 9.98742E-05
9.99101E-05 9.99101E-05 9.99101E-05 0.188045 9.99101E-05 9.99101E-05 9.99101E-05 9.99101E-05 0.237787 9.99101E-05 0.0294398 0.27524 0.268489 9.99101E-05 9.99101E-05
9.99011E-05 9.99011E-05 9.99011E-05 9.99011E-05 0.25719 0.183866 0.427733 9.99011E-05 9.99011E-05 9.99011E-05 9.99011E-05 0.130112 9.99011E-05 9.99011E-05 9.99011E-05
0.00411887 0.0964761 9.99191E-05 9.99191E-05 0.235037 0.0396827 0.0902962 9.99191E-05 9.99191E-05 9.99191E-05 9.99191E-05 0.53349 9.99191E-05 9.99191E-05 9.99191E-05
9.99191E-05 9.99191E-05 9.99191E-05 0.188811 0.00124525 9.99191E-05 9.99191E-05 9.99191E-05 0.240273 9.99191E-05 0.0298672 0.26431 0.274595 9.99191E-05 9.99191E-05
0.0130792 9.99371E-05 9.99371E-05 9.99371E-05 0.0281402 9.99371E-05 0.211254 9.99371E-05 0.0132083 0.00690632 9.99371E-05 0.723192 0.000458733 9.99371E-05 0.00306172
0.0127448 9.99371E-05 9.99371E-05 0.00546462 0.00134308 9.99371E-05 0.00130447 9.99371E-05 0.00783231 0.0036453 9.99371E-05 0.958399 0.0085671 9.99371E-05 9.99371E-05
0.0140771 9.99371E-05 9.99371E-05 0.00587072 0.00133867 9.99371E-05 0.00128932 9.99371E-05 0.00873561 0.00381806 9.99371E-05 0.954338 0.00983328 9.99371E-05 9.99371E-05
9.9946E-05 9.9946E-05 9.9946E-05 0.179862 0.1246 0.0175871 0.040933 9.9946E-05 0.232953 0.00179894 0.0282541 0.10289 0.270523 9.9946E-05 9.9946E-05
0.0184992 9.99371E-05 9.99371E-05 0.00697962 0.00240186 9.99371E-05 0.00186006 9.99371E-05 0.00999237 0.00540234 9.99371E-05 0.939972 0.0141931 9.99371E-05 9.99371E-05
9.98742E-05 9.98742E-05 9.98742E-05 9.98742E-05 9.98742E-05 9.98742E-05 9.98742E-05 0.998602 9.98742E-05 9.98742E-05 9.98742E-05 9.98742E-05 9.98742E-05 9.98742E-05 9.98742E-05
0.016833 9.99191E-05 9.99191E-05 0.00241365 9.99191E-05 9.99191E-05 9.99191E-05 9.99191E-05 0.00426737 0.000618996 9.99191E-05 0.970364 0.0046037 9.99191E-05 9.99191E-05
9.99101E-05 9.99101E-05 9.99101E-05 9.99101E-05 0.119981 0.0180049 0.0459257 9.99101E-05 9.99101E-05 0.00361589 9.99101E-05 0.811473 9.99101E-05 9.99101E-05 9.99101E-05
9.99011E-05 9.99011E-05 9.99011E-05 9.99011E-05 0.368871 0.130871 0.301307 9.99011E-05 9.99011E-05 9.99011E-05 9.99011E-05 0.197851 9.99011E-05 9.99011E-05 9.99011E-05
0.0123373 9.9946E-05 9.9946E-05 0.00109835 0.123254 0.018552 0.0471703 9.9946E-05 0.00482493 0.00832638 9.9946E-05 0.774867 0.00897004 9.9946E-05 9.9946E-05
9.9955E-05 0.00967687 9.9955E-05 0.12999 0.120616 0.0110496 0.0449441 0.46093 0.159083 9.9955E-05 0.0163699 0.0202216 9.9955E-05 0.0266186 9.9955E-05
9.98742E-05 9.98742E-05 9.98742E-05 9.98742E-05 9.98742E-05 9.98742E-05 9.98742E-05 0.998602 9.98742E-05 9.98742E-05 9.98742E-05 9.98742E-05 9.98742E-05 9.98742E-05 9.98742E-05
9.98832E-05 9.98832E-05 0.699018 9.98832E-05 9.98832E-05 9.98832E-05 9.98832E-05 9.98832E-05 9.98832E-05 9.98832E-05 9.98832E-05 9.98832E-05 0.299684 9.98832E-05 9.98832E-05
0.0160137 9.99371E-05 9.99371E-05 0.00833964 0.00202735 9.99371E-05 0.00168504 9.99371E-05 0.00994382 0.00474023 9.99371E-05 0.947278 0.0092724 9.99371E-05 9.99371E-05
9.99396E-05 9.99396E-05 9.99396E-05 0.185721 0.00197098 9.99396E-05 9.99396E-05 0.00080498 0.239302 0.000576449 0.0296631 0.265951 0.275311 9.99396E-05 9.99396E-05
9.99101E-05 9.99101E-05 9.99101E-05 0.0293423 9.99101E-05 9.99101E-05 9.99101E-05 9.99101E-05 0.877054 9.99101E-05 0.00363435 0.0426668 0.0463031 9.99101E-05 9.99101E-05
0.0127448 9.99371E-05 9.99371E-05 0.00546462 0.00134308 9.99371E-05 0.00130447 9.99371E-05 0.00783231 0.0036453 9.99371E-05 0.958399 0.0085671 9.99371E-05 9.99371E-05
9.98832E-05 9.98832E-05 9.98832E-05 9.98832E-05 9.98832E-05 9.98832E-05 9.98832E-05 9.98832E-05 9.98832E-05 9.98832E-05 9.98832E-05 0.959957 0.0387443 9.98832E-05 9.98832E-05
0.0234657 9.99371E-05 9.99371E-05 0.00948871 0.00378471 9.99371E-05 0.00259193 9.99371E-05 0.01276 0.00734124 9.99371E-05 0.925842 0.0140266 9.99371E-05 9.99371E-05
9.99191E-05 9.99191E-05 9.99191E-05 0.00393747 9.99191E-05 9.99191E-05 9.99191E-05 0.0216698 0.00890485 9.99191E-05 9.99191E-05 0.00713427 0.952467 9.99191E-05 0.00498694
0.0118784 9.99191E-05 9.99191E-05 9.99191E-05 0.00248198 9.99191E-05 0.000396594 9.99191E-05 9.99191E-05 0.0030091 9.99191E-05 0.944158 0.0371771 9.99191E-05 9.99191E-05
9.99191E-05 0.0360422 9.99191E-05 9.99191E-05 0.0679086 0.0291509 9.99191E-05 9.99191E-05 9.99191E-05 9.99191E-05 9.99191E-05 9.99191E-05 0.767384 0.0951434 0.00347152
9.99011E-05 0.147684 0.218496 9.99011E-05 9.99011E-05 9.99011E-05 9.99011E-05 0.613317 9.99011E-05 9.99011E-05 9.99011E-05 9.99011E-05 9.99011E-05 0.0194038 9.99011E-05
0.0111921 9.99371E-05 0.00548413 0.0154137 0.000624942 9.99371E-05 0.00110122 9.99371E-05 0.00337031 0.0143073 9.99371E-05 0.947807 9.99371E-05 9.99371E-05 9.99371E-05
0.0218438 9.99371E-05 9.99371E-05 0.00885441 0.00333181 9.99371E-05 0.00234964 9.99371E-05 0.0120934 0.00670436 9.99371E-05 0.930763 0.01336 9.99371E-05 9.99371E-05
0.00969375 9.99371E-05 9.99371E-05 0.00418574 0.000281348 9.99371E-05 0.000729846 9.99371E-05 0.00686381 0.00225238 9.99371E-05 0.967613 0.00768059 9.99371E-05 9.99371E-05
9.98742E-05 9.98742E-05 9.98742E-05 9.98742E-05 9.98742E-05 9.98742E-05 9.98742E-05 9.98742E-05 9.98742E-05 9.98742E-05 9.98742E-05 0.998602 9.98742E-05 9.98742E-05 9.98742E-05
0.055472 9.98832E-05 9.98832E-05 9.98832E-05 9.98832E-05 9.98832E-05 0.94323 9.98832E-05 9.98832E-05 9.98832E-05 9.98832E-05 9.98832E-05 9.98832E-05 9.98832E-05 9.98832E-05
9.98742E-05 9.98742E-05 9.98742E-05 9.98742E-05 9.98742E-05 9.98742E-05 0.998602 9.98742E-05 9.98742E-05 9.98742E-05 9.98742E-05 9.98742E-05 9.98742E-05 9.98742E-05 9.98742E-05
9.99011E-05 9.99011E-05 9.99011E-05 9.99011E-05 0.500444 0.0736811 0.171367 9.99011E-05 9.99011E-05 9.99011E-05 9.99011E-05 0.253409 9.99011E-05 9.99011E-05 9.99011E-05
0.0160137 9.99371E-05 9.99371E-05 0.00833964 0.00202735 9.99371E-05 0.00168504 9.99371E-05 0.00994382 0.00474023 9.99371E-05 0.947278 0.0092724 9.99371E-05 9.99371E-05
0.0234657 9.99371E-05 9.99371E-05 0.00948871 0.00378471 9.99371E-05 0.00259193 9.99371E-05 0.01276 0.00734124 9.99371E-05 0.925842 0.0140266 9.99371E-05 9.99371E-05
0.0178714 9.99371E-05 9.99371E-05 0.00736422 0.00294939 9.99371E-05 0.00168184 9.99371E-05 0.0102247 0.00536476 9.99371E-05 0.942582 0.0112625 9.99371E-05 9.99371E-05
0.0195304 9.99371E-05 9.99371E-05 0.007797 0.00272717 9.99371E-05 0.00202984 9.99371E-05 0.0108933 0.00583666 9.99371E-05 0.937511 0.0129753 9.99371E-05 9.99371E-05
9.99371E-05 9.99371E-05 0.0448623 0.119083 0.345333 0.0512826 0.108851 9.99371E-05 0.152793 9.99371E-05 0.0206383 9.99371E-05 9.99371E-05 9.99371E-05 0.156457
0.0160137 9.99371E-05 9.99371E-05 0.00833964 0.00202735 9.99371E-05 0.00168504 9.99371E-05 0.00994382 0.00474023 9.99371E-05 0.947278 0.0092724 9.99371E-05 9.99371E-05
9.98832E-05 9.98832E-05 9.98832E-05 9.98832E-05 9.98832E-05 9.98832E-05 9.98832E-05 9.98832E-05 9.98832E-05 9.98832E-05 0.00500215 0.993699 9.98832E-05 9.98832E-05 9.98832E-05
9.98921E-05 9.98921E-05 0.556469 0.00135821 9.98921E-05 9.98921E-05 9.98921E-05 9.98921E-05 9.98921E-05 9.98921E-05 9.98921E-05 9.98921E-05 0.440974 9.98921E-05 9.98921E-05
9.98832E-05 9.98832E-05 9.98832E-05 9.98832E-05 9.98832E-05 9.98832E-05 9.98832E-05 9.98832E-05 9.98832E-05 9.98832E-05 9.98832E-05 0.514647 0.484054 9.98832E-05 9.98832E-05
9.98832E-05 9.98832E-05 9.98832E-05 9.98832E-05 9.98832E-05 9.98832E-05 9.98832E-05 9.98832E-05 9.98832E-05 9.98832E-05 9.98832E-05 0.997753 0.000948767 9.98832E-05 9.98832E-05
9.98832E-05 9.98832E-05 9.98832E-05 9.98832E-05 9.98832E-05 9.98832E-05 9.98832E-05 9.98832E-05 9.98832E-05 9.98832E-05 9.98832E-05 0.997753 0.000948767 9.98832E-05 9.98832E-05
9.99101E-05 0.00858075 9.99101E-05 9.99101E-05 9.99101E-05 9.99101E-05 9.99101E-05 0.819203 0.00821282 9.99101E-05 9.99101E-05 9.99101E-05 0.147936 0.0150689 9.99101E-05
9.99011E-05 0.0120003 9.99011E-05 9.99011E-05 9.99011E-05 9.99011E-05 9.99011E-05 0.799912 9.99011E-05 9.99011E-05 9.99011E-05 9.99011E-05 0.169733 0.0172556 9.99011E-05
9.99191E-05 0.0284389 9.99191E-05 9.99191E-05 9.99191E-05 9.99191E-05 9.99191E-05 0.676822 9.99191E-05 0.0392625 9.99191E-05 9.99191E-05 0.224521 0.0280132 0.0020437
9.99011E-05 0.0120003 9.99011E-05 9.99011E-05 9.99011E-05 9.99011E-05 9.99011E-05 0.799912 9.99011E-05 9.99011E-05 9.99011E-05 9.99011E-05 0.169733 0.0172556 9.99011E-05
9.99011E-05 0.152772 0.193636 9.99011E-05 9.99011E-05 9.99011E-05 9.99011E-05 0.635506 9.99011E-05 9.99011E-05 9.99011E-05 9.99011E-05 9.99011E-05 0.016988 9.99011E-05
9.99011E-05 0.0277624 9.99011E-05 9.99011E-05 9.99011E-05 9.99011E-05 9.99011E-05 0.690704 9.99011E-05 9.99011E-05 9.99011E-05 9.99011E-05 0.252773 0.0276611 9.99011E-05
0.0143798 9.99371E-05 9.99371E-05 0.00601359 0.00150344 9.99371E-05 0.00138019 9.99371E-05 0.00878416 0.00401162 9.99371E-05 0.953423 0.00980445 9.99371E-05 9.99371E-05
9.99371E-05 0.147594 0.0911567 0.118616 9.99371E-05 9.99371E-05 9.99371E-05 0.348234 0.135982 9.99371E-05 0.0138321 0.138647 9.99371E-05 0.00523803 9.99371E-05
0.00746273 9.99281E-05 9.99281E-05 0.00328152 9.99281E-05 9.99281E-05 0.000715453 9.99281E-05 0.00526197 0.00168797 9.99281E-05 0.973832 0.00695905 9.99281E-05 9.99281E-05
9.98832E-05 9.98832E-05 9.98832E-05 0.0210117 9.98832E-05 9.98832E-05 9.98832E-05 9.98832E-05 9.98832E-05 9.98832E-05 9.98832E-05 0.97769 9.98832E-05 9.98832E-05 9.98832E-05
9.99371E-05 9.99371E-05 0.0163287 0.000739304 9.99371E-05 9.99371E-05 0.000949785 0.00850761 0.00471073 9.99371E-05 9.99371E-05 0.0025814 0.963949 9.99371E-05 0.00153413
9.98742E-05 9.98742E-05 9.98742E-05 9.98742E-05 9.98742E-05 9.98742E-05 9.98742E-05 9.98742E-05 9.98742E-05 9.98742E-05 9.98742E-05 9.98742E-05 9.98742E-05 0.998602 9.98742E-05
9.98742E-05 9.98742E-05 9.98742E-05 9.98742E-05 9.98742E-05 9.98742E-05 9.98742E-05 9.98742E-05 9.98742E-05 9.98742E-05 9.98742E-05 9.98742E-05 9.98742E-05 0.998602 9.98742E-05
9.99089E-05 9.99089E-05 9.99089E-05 9.99089E-05 9.99089E-05 9.99089E-05 9.99089E-05 0.0135108 0.00250818 9.99089E-05 9.99089E-05 9.99089E-05 0.000466159 0.982416 9.99089E-05
9.99011E-05 9.99011E-05 9.99011E-05 9.99011E-05 0.0343671 0.00917886 0.0111326 9.99011E-05 9.99011E-05 9.99011E-05 9.99011E-05 9.99011E-05 9.99011E-05 0.944223 9.99011E-05
9.99089E-05 9.99089E-05 9.99089E-05 9.99089E-05 9.99089E-05 9.99089E-05 9.99089E-05 0.0135108 0.00250818 9.99089E-05 9.99089E-05 9.99089E-05 0.000466159 0.982416 9.99089E-05
9.99191E-05 9.99191E-05 9.99191E-05 9.99191E-05 9.99191E-05 9.99191E-05 9.99191E-05 0.0431538 0.000334354 9.99191E-05 9.99191E-05 0.0038776 0.010529 0.941055 0.000150847
9.99089E-05 9.99089E-05 9.99089E-05 9.99089E-05 9.99089E-05 9.99089E-05 9.99089E-05 0.0135108 0.00250818 9.99089E-05 9.99089E-05 9.99089E-05 0.000466159 0.982416 9.99089E-05
9.99396E-05 9.99396E-05 9.99396E-05 0.185721 0.00197098 9.99396E-05 9.99396E-05 0.00080498 0.239302 0.000576449 0.0296631 0.265951 0.275311 9.99396E-05 9.99396E-05
9.99101E-05 9.99101E-05 9.99101E-05 9.99101E-05 9.99101E-05 9.99101E-05 9.99101E-05 0.085307 0.00193913 9.99101E-05 9.99101E-05 9.99101E-05 0.0289748 0.882393 0.000386488
0.0172112 9.98832E-05 9.98832E-05 9.98832E-05 9.98832E-05 9.98832E-05 9.98832E-05 9.98832E-05 9.98832E-05 9.98832E-05 9.98832E-05 9.98832E-05 9.98832E-05 0.98149 9.98832E-05
9.98742E-05 9.98742E-05 9.98742E-05 9.98742E-05 9.98742E-05 9.98742E-05 9.98742E-05 9.98742E-05 9.98742E-05 9.98742E-05 9.98742E-05 9.98742E-05 9.98742E-05 0.998602 9.98742E-05
9.99016E-05 9.99016E-05 9.99016E-05 9.99016E-05 0.00973604 0.971203 0.0169519 9.99016E-05 9.99016E-05 9.99016E-05 9.99016E-05 0.0010102 9.99016E-05 9.99016E-05 9.99016E-05
9.99011E-05 0.0302557 9.99011E-05 9.99011E-05 9.99011E-05 9.99011E-05 9.99011E-05 0.67525 9.99011E-05 9.99011E-05 9.99011E-05 9.99011E-05 0.264739 0.028656 9.99011E-05
9.98742E-05 9.98742E-05 9.98742E-05 9.98742E-05 9.98742E-05 0.998602 9.98742E-05 9.98742E-05 9.98742E-05 9.98742E-05 9.98742E-05 9.98742E-05 9.98742E-05 9.98742E-05 9.98742E-05
9.99011E-05 0.029522 9.99011E-05 9.99011E-05 9.99011E-05 9.99011E-05 9.99011E-05 0.678969 9.99011E-05 9.99011E-05 9.99011E-05 9.99011E-05 0.262062 0.0283478 9.99011E-05
9.99101E-05 0.0277775 9.99101E-05 9.99101E-05 9.99101E-05 9.99101E-05 9.99101E-05 0.690809 9.99101E-05 0.0758606 9.99101E-05 9.99101E-05 0.177026 0.0275271 9.99101E-05
9.99101E-05 0.151599 0.173509 9.99101E-05 9.99101E-05 9.99101E-05 9.99101E-05 0.631869 9.99101E-05 9.99101E-05 9.99101E-05 9.99101E-05 0.022704 0.0193196 9.99101E-05
9.99191E-05 9.99191E-05 9.99191E-05 0.00393747 9.99191E-05 9.99191E-05 9.99191E-05 0.0216698 0.00890485 9.99191E-05 9.99191E-05 0.00713427 0.952467 9.99191E-05 0.00498694
9.99011E-05 0.027942 9.99011E-05 9.99011E-05 9.99011E-05 9.99011E-05 9.99011E-05 0.692401 9.99011E-05 9.99011E-05 9.99011E-05 9.99011E-05 0.251297 0.0272615 9.99011E-05
9.98742E-05 9.98742E-05 9.98742E-05 9.98742E-05 9.98742E-05 0.998602 9.98742E-05 9.98742E-05 9.98742E-05 9.98742E-05 9.98742E-05 9.98742E-05 9.98742E-05 9.98742E-05 9.98742E-05
9.99011E-05 0.029522 9.99011E-05 9.99011E-05 9.99011E-05 9.99011E-05 9.99011E-05 0.678969 9.99011E-05 9.99011E-05 9.99011E-05 9.99011E-05 0.262062 0.0283478 9.99011E-05
9.98922E-05 9.98922E-05 9.98922E-05 9.98922E-05 9.98922E-05 0.906691 9.98922E-05 9.98922E-05 9.98922E-05 9.98922E-05 9.98922E-05 0.085283 9.98922E-05 0.00682715 9.98922E-05
9.99191E-05 9.99191E-05 9.99191E-05 0.00350965 9.99191E-05 9.99191E-05 9.99191E-05 0.0202889 0.00849804 9.99191E-05 9.99191E-05 0.00655874 0.955622 9.99191E-05 0.00462372
9.99191E-05 9.99191E-05 9.99191E-05 0.0036925 9.99191E-05 9.99191E-05 9.99191E-05 0.0741361 0.00755925 9.99191E-05 9.99191E-05 0.00534235 0.904247 9.99191E-05 0.0041232
9.99101E-05 0.153033 0.172146 9.99101E-05 9.99101E-05 9.99101E-05 9.99101E-05 0.620485 9.99101E-05 9.99101E-05 9.99101E-05 9.99101E-05 0.0333234 0.0200134 9.99101E-05
9.99011E-05 0.0294465 9.99011E-05 9.99011E-05 9.99011E-05 9.99011E-05 9.99011E-05 0.675205 9.99011E-05 9.99011E-05 9.99011E-05 9.99011E-05 0.266041 0.0282088 9.99011E-05
9.99011E-05 0.029522 9.99011E-05 9.99011E-05 9.99011E-05 9.99011E-05 9.99011E-05 0.678969 9.99011E-05 9.99011E-05 9.99011E-05 9.99011E-05 0.262062 0.0283478 9.99011E-05
9.99101E-05 0.149263 0.190124 0.0396189 9.99101E-05 9.99101E-05 9.99101E-05 0.602444 9.99101E-05 9.99101E-05 9.99101E-05 9.99101E-05 9.99101E-05 0.017552 9.99101E-05
0.998602 9.98742E-05 9.98742E-05 9.98742E-05 9.98742E-05 9.98742E-05 9.98742E-05 9.98742E-05 9.98742E-05 9.98742E-05 9.98742E-05 9.98742E-05 9.98742E-05 9.98742E-05 9.98742E-05
9.99012E-05 0.106425 0.238593 0.0144118 9.99012E-05 9.99012E-05 9.99012E-05 9.99012E-05 9.99012E-05 9.99012E-05 9.99012E-05 9.99012E-05 0.639472 9.99012E-05 9.99012E-05
0.0192448 9.99371E-05 9.99371E-05 0.00788617 0.00276376 9.99371E-05 0.0020511 9.99371E-05 0.0108763 0.00583058 9.99371E-05 0.938657 0.011991 9.99371E-05 9.99371E-05
9.98742E-05 9.98742E-05 9.98742E-05 9.98742E-05 9.98742E-05 9.98742E-05 9.98742E-05 9.98742E-05 9.98742E-05 9.98742E-05 9.98742E-05 9.98742E-05 9.98742E-05 9.98742E-05 0.998602
9.99188E-05 9.99188E-05 0.00982016 0.0154032 9.99188E-05 9.99188E-05 9.99188E-05 0.00896836 9.99188E-05 9.99188E-05 9.99188E-05 9.99188E-05 0.963072 9.99188E-05 0.00173672
9.98832E-05 9.98832E-05 9.98832E-05 0.0175044 9.98832E-05 9.98832E-05 9.98832E-05 9.98832E-05 9.98832E-05 9.98832E-05 9.98832E-05 0.981197 9.98832E-05 9.98832E-05 9.98832E-05
9.99016E-05 9.99016E-05 9.99016E-05 9.99016E-05 0.00973604 0.971203 0.0169519 9.99016E-05 9.99016E-05 9.99016E-05 9.99016E-05 0.0010102 9.99016E-05 9.99016E-05 9.99016E-05
9.99011E-05 0.0279402 9.99011E-05 9.99011E-05 9.99011E-05 9.99011E-05 9.99011E-05 0.689022 9.99011E-05 9.99011E-05 9.99011E-05 9.99011E-05 0.254604 0.0273351 9.99011E-05
0.998602 9.98742E-05 9.98742E-05 9.98742E-05 9.98742E-05 9.98742E-05 9.98742E-05 9.98742E-05 9.98742E-05 9.98742E-05 9.98742E-05 9.98742E-05 9.98742E-05 9.98742E-05 9.98742E-05
0.998602 9.98742E-05 9.98742E-05 9.98742E-05 9.98742E-05 9.98742E-05 9.98742E-05 9.98742E-05 9.98742E-05 9.98742E-05 9.98742E-05 9.98742E-05 9.98742E-05 9.98742E-05 9.98742E-05
0.998602 9.98742E-05 9.98742E-05 9.98742E-05 9.98742E-05 9.98742E-05 9.98742E-05 9.98742E-05 9.98742E-05 9.98742E-05 9.98742E-05 9.98742E-05 9.98742E-05 9.98742E-05 9.98742E-05
9.98743E-05 9.98743E-05 9.98743E-05 9.98743E-05 9.98743E-05 9.98743E-05 9.98743E-05 9.98743E-05 9.98743E-05 9.98743E-05 9.98743E-05 0.998602 9.98743E-05 9.98743E-05 9.98743E-05
0.00158114 9.99281E-05 9.99281E-05 0.00474321 9.99281E-05 9.99281E-05 9.99281E-05 0.0179494 0.00841493 9.99281E-05 9.99281E-05 0.00295017 0.959489 9.99281E-05 0.00407272
9.98742E-05 9.98742E-05 9.98742E-05 9.98742E-05 9.98742E-05 9.98742E-05 9.98742E-05 0.998602 9.98742E-05 9.98742E-05 9.98742E-05 9.98742E-05 9.98742E-05 9.98742E-05 9.98742E-05
9.99011E-05 9.99011E-05 9.99011E-05 9.99011E-05 0.174102 0.126449 0.60942 9.99011E-05 9.99011E-05 9.99011E-05 9.99011E-05 0.0889304 9.99011E-05 9.99011E-05 9.99011E-05
9.98742E-05 9.98742E-05 9.98742E-05 0.998602 9.98742E-05 9.98742E-05 9.98742E-05 9.98742E-05 9.98742E-05 9.98742E-05 9.98742E-05 9.98742E-05 9.98742E-05 9.98742E-05 9.98742E-05
9.98742E-05 9.98742E-05 9.98742E-05 9.98742E-05 9.98742E-05 0.998602 9.98742E-05 9.98742E-05 9.98742E-05 9.98742E-05 9.98742E-05 9.98742E-05 9.98742E-05 9.98742E-05 9.98742E-05
9.98832E-05 9.98832E-05 9.98832E-05 9.98832E-05 0.142806 9.98832E-05 0.855895 9.98832E-05 9.98832E-05 9.98832E-05 9.98832E-05 9.98832E-05 9.98832E-05 9.98832E-05 9.98832E-05
9.99191E-05 9.99191E-05 9.99191E-05 0.00137798 9.99191E-05 9.99191E-05 9.99191E-05 0.0215717 0.0151527 9.99191E-05 9.99191E-05 0.00347163 0.953211 9.99191E-05 0.00431527
9.99191E-05 9.99191E-05 9.99191E-05 0.00393747 9.99191E-05 9.99191E-05 9.99191E-05 0.0216698 0.00890485 9.99191E-05 9.99191E-05 0.00713427 0.952467 9.99191E-05 0.00498694
9.99191E-05 9.99191E-05 9.99191E-05 0.00393747 9.99191E-05 9.99191E-05 9.99191E-05 0.0216698 0.00890485 9.99191E-05 9.99191E-05 0.00713427 0.952467 9.99191E-05 0.00498694
9.98742E-05 9.98742E-05 9.98742E-05 9.98742E-05 9.98742E-05 9.98742E-05 9.98742E-05 9.98742E-05 9.98742E-05 9.98742E-05 9.98742E-05 9.98742E-05 0.998602 9.98742E-05 9.98742E-05
9.99191E-05 9.99191E-05 9.99191E-05 0.00308471 9.99191E-05 9.99191E-05 9.99191E-05 0.018919 0.00809497 9.99191E-05 9.99191E-05 0.00598745 0.958752 9.99191E-05 0.00426304
9.98742E-05 9.98742E-05 9.98742E-05 9.98742E-05 9.98742E-05 0.998602 9.98742E-05 9.98742E-05 9.98742E-05 9.98742E-05 9.98742E-05 9.98742E-05 9.98742E-05 9.98742E-05 9.98742E-05
9.98742E-05 9.98742E-05 9.98742E-05 9.98742E-05 9.98742E-05 0.998602 9.98742E-05 9.98742E-05 9.98742E-05 9.98742E-05 9.98742E-05 9.98742E-05 9.98742E-05 9.98742E-05 9.98742E-05
9.99191E-05 9.99191E-05 9.99191E-05 0.00393747 9.99191E-05 9.99191E-05 9.99191E-05 0.0216698 0.00890485 9.99191E-05 9.99191E-05 0.00713427 0.952467 9.99191E-05 0.00498694
9.99191E-05 9.99191E-05 9.99191E-05 0.00393747 9.99191E-05 9.99191E-05 9.99191E-05 0.0216698 0.00890485 9.99191E-05 9.99191E-05 0.00713427 0.952467 9.99191E-05 0.00498694
0.0147748 9.993E-05 0.00350992 9.993E-05 9.993E-05 9.993E-05 0.0021117 0.000303678 9.993E-05 0.00204537 9.993E-05 0.47601 0.498738 9.993E-05 0.00180705
9.98742E-05 9.98742E-05 9.98742E-05 9.98742E-05 9.98742E-05 0.998602 9.98742E-05 9.98742E-05 9.98742E-05 9.98742E-05 9.98742E-05 9.98742E-05 9.98742E-05 9.98742E-05 9.98742E-05
9.99191E-05 9.99191E-05 9.99191E-05 0.00137798 9.99191E-05 9.99191E-05 9.99191E-05 0.0215717 0.0151527 9.99191E-05 9.99191E-05 0.00347163 0.953211 9.99191E-05 0.00431527
