9.99371E-05 0.176481 9.99371E-05 0.0760708 9.99371E-05 0.257657 9.99371E-05 9.99371E-05 9.99371E-05 0.488281 9.99371E-05 0.000811473
9.99101E-05 9.99101E-05 9.99101E-05 9.99101E-05 9.99101E-05 9.99101E-05 0.0668687 9.99101E-05 0.932132 9.99101E-05 9.99101E-05 9.99101E-05
0.0340796 0.00476088 9.9946E-05 9.9946E-05 9.9946E-05 0.905724 9.9946E-05 0.0292171 9.9946E-05 0.0106771 9.9946E-05 0.0149421
9.99191E-05 9.99191E-05 9.99191E-05 9.99191E-05 9.99191E-05 9.99191E-05 9.99191E-05 0.984372 0.0124763 9.99191E-05 9.99191E-05 0.00225247
0.0029962 9.9946E-05 0.00191983 9.9946E-05 0.00112255 0.00288527 9.9946E-05 0.979446 0.0110309 9.9946E-05 9.9946E-05 9.9946E-05
0.0041607 9.9946E-05 0.000646998 9.9946E-05 0.000645699 0.00125994 9.9946E-05 0.983786 0.00890108 9.9946E-05 9.9946E-05 9.9946E-05
9.99011E-05 9.99011E-05 0.998901 9.99011E-05 9.99011E-05 9.99011E-05 9.99011E-05 9.99011E-05 9.99011E-05 9.99011E-05 9.99011E-05 9.99011E-05
9.99101E-05 9.99101E-05 9.99101E-05 9.99101E-05 9.99101E-05 9.99101E-05 9.99101E-05 0.0690516 0.929949 9.99101E-05 9.99101E-05 9.99101E-05
0.00211683 9.9946E-05 0.000745084 9.9946E-05 0.00068828 0.00209443 9.9946E-05 0.980802 0.0129533 9.9946E-05 9.9946E-05 9.9946E-05
0.000864664 9.9946E-05 0.00011605 9.9946E-05 0.000453995 0.00304663 9.9946E-05 0.986959 0.00795964 9.9946E-05 9.9946E-05 9.9946E-05
9.9946E-05 0.0334243 0.00560439 0.0121397 9.9946E-05 9.9946E-05 9.9946E-05 0.848115 0.0117846 0.0883319 9.9946E-05 9.9946E-05
0.000125236 9.99281E-05 9.99281E-05 9.99281E-05 9.99281E-05 0.000469353 9.99281E-05 0.99384 0.00476611 9.99281E-05 9.99281E-05 9.99281E-05
0.0014326 9.99371E-05 9.99371E-05 9.99371E-05 0.000318934 0.00141855 9.99371E-05 0.988586 0.00754478 9.99371E-05 9.99371E-05 9.99371E-05
0.00133635 9.9946E-05 0.00087308 9.9946E-05 0.00073101 0.00380192 9.9946E-05 0.983319 0.00933943 9.9946E-05 9.9946E-05 9.9946E-05
9.99012E-05 9.99012E-05 9.99012E-05 9.99012E-05 9.99012E-05 9.99012E-05 9.99012E-05 0.998901 9.99012E-05 9.99012E-05 9.99012E-05 9.99012E-05
9.99101E-05 9.99101E-05 9.99101E-05 9.99101E-05 9.99101E-05 9.99101E-05 9.99101E-05 0.0775408 0.92146 9.99101E-05 9.99101E-05 9.99101E-05
9.99371E-05 9.99371E-05 0.000912808 9.99371E-05 0.000746866 0.00687899 9.99371E-05 0.981345 0.00941636 9.99371E-05 9.99371E-05 9.99371E-05
0.00221815 9.9946E-05 0.000852727 9.9946E-05 0.000722701 0.00215531 9.9946E-05 0.984154 0.00929759 9.9946E-05 9.9946E-05 9.9946E-05
9.99101E-05 9.99101E-05 9.99101E-05 9.99101E-05 9.99101E-05 9.99101E-05 9.99101E-05 9.99101E-05 0.057256 9.99101E-05 0.941745 9.99101E-05
0.0148171 0.00186992 9.99461E-05 9.99461E-05 9.99461E-05 0.955963 9.99461E-05 0.0173695 9.99461E-05 0.00370072 9.99461E-05 0.00567982
9.99012E-05 9.99012E-05 9.99012E-05 9.99012E-05 9.99012E-05 0.998901 9.99012E-05 9.99012E-05 9.99012E-05 9.99012E-05 9.99012E-05 9.99012E-05
9.99101E-05 9.99101E-05 9.99101E-05 9.99101E-05 9.99101E-05 9.99101E-05 9.99101E-05 0.99503 0.00397113 9.99101E-05 9.99101E-05 9.99101E-05
9.99281E-05 0.00454084 9.99281E-05 9.99281E-05 9.99281E-05 0.874609 9.99281E-05 9.99281E-05 9.99281E-05 9.99281E-05 0.113657 0.00639442
0.00172701 9.99371E-05 0.00120385 9.99371E-05 9.99371E-05 0.0022862 9.99371E-05 0.988503 0.00558044 9.99371E-05 9.99371E-05 9.99371E-05
0.0339837 0.00476514 9.99461E-05 9.99461E-05 9.99461E-05 0.911839 9.99461E-05 0.0270242 9.99461E-05 0.00831586 9.99461E-05 0.013472
9.99191E-05 9.99191E-05 9.99191E-05 9.99191E-05 0.00134504 9.99191E-05 9.99191E-05 9.99191E-05 0.889594 0.108162 9.99191E-05 9.99191E-05
9.99327E-05 9.99327E-05 9.99327E-05 9.99327E-05 9.99327E-05 0.0024468 9.99327E-05 0.990303 0.0063507 9.99327E-05 9.99327E-05 9.99327E-05
0.0029962 9.9946E-05 0.00191983 9.9946E-05 0.00112255 0.00288527 9.9946E-05 0.979446 0.0110309 9.9946E-05 9.9946E-05 9.9946E-05
9.99101E-05 9.99101E-05 0.802521 9.99101E-05 9.99101E-05 9.99101E-05 9.99101E-05 0.19648 9.99101E-05 9.99101E-05 9.99101E-05 9.99101E-05
9.99011E-05 9.99011E-05 9.99011E-05 9.99011E-05 9.99011E-05 9.99011E-05 9.99011E-05 9.99011E-05 9.99011E-05 9.99011E-05 0.998901 9.99011E-05
9.99101E-05 9.99101E-05 9.99101E-05 9.99101E-05 9.99101E-05 9.99101E-05 9.99101E-05 0.129241 0.86976 9.99101E-05 9.99101E-05 9.99101E-05
0.0029962 9.9946E-05 0.00191983 9.9946E-05 0.00112255 0.00288527 9.9946E-05 0.979446 0.0110309 9.9946E-05 9.9946E-05 9.9946E-05
9.99101E-05 9.99101E-05 9.99101E-05 9.99101E-05 9.99101E-05 9.99101E-05 9.99101E-05 9.99101E-05 0.881384 9.99101E-05 0.117617 9.99101E-05
0.0029962 9.9946E-05 0.00191983 9.9946E-05 0.00112255 0.00288527 9.9946E-05 0.979446 0.0110309 9.9946E-05 9.9946E-05 9.9946E-05
0.0276213 0.041385 9.9955E-05 0.0220994 9.9955E-05 0.735983 9.9955E-05 0.0209813 9.9955E-05 0.132987 9.9955E-05 0.0184434
0.000882483 9.99355E-05 9.99355E-05 9.99355E-05 9.99355E-05 0.00101923 9.99355E-05 0.990923 0.00637565 9.99355E-05 9.99355E-05 9.99355E-05
0.00221815 9.9946E-05 0.000852727 9.9946E-05 0.000722701 0.00215531 9.9946E-05 0.984154 0.00929759 9.9946E-05 9.9946E-05 9.9946E-05
9.99191E-05 9.99191E-05 9.99191E-05 9.99191E-05 9.99191E-05 0.228228 9.99191E-05 9.99191E-05 9.99191E-05 9.99191E-05 0.76823 0.00264291
9.99191E-05 9.99191E-05 9.99191E-05 9.99191E-05 9.99191E-05 9.99191E-05 9.99191E-05 0.111598 0.886534 9.99191E-05 9.99191E-05 0.000968934
9.99101E-05 9.99101E-05 9.99101E-05 9.99101E-05 9.99101E-05 9.99101E-05 9.99101E-05 0.995146 0.00385464 9.99101E-05 9.99101E-05 9.99101E-05
9.99011E-05 9.99011E-05 9.99011E-05 9.99011E-05 9.99011E-05 0.998901 9.99011E-05 9.99011E-05 9.99011E-05 9.99011E-05 9.99011E-05 9.99011E-05
0.0179226 0.00269019 9.99461E-05 9.99461E-05 9.99461E-05 0.947783 9.99461E-05 0.0193345 9.99461E-05 0.00431157 9.99461E-05 0.00735867
9.99012E-05 9.99012E-05 9.99012E-05 9.99012E-05 9.99012E-05 0.998901 9.99012E-05 9.99012E-05 9.99012E-05 9.99012E-05 9.99012E-05 9.99012E-05
0.0029962 9.9946E-05 0.00191983 9.9946E-05 0.00112255 0.00288527 9.9946E-05 0.979446 0.0110309 9.9946E-05 9.9946E-05 9.9946E-05
0.000253608 9.99281E-05 9.99281E-05 9.99281E-05 9.99281E-05 0.000733799 9.99281E-05 0.993079 0.00513396 9.99281E-05 9.99281E-05 9.99281E-05
9.99371E-05 9.99371E-05 0.00105219 9.99371E-05 0.0165689 9.99371E-05 9.99371E-05 0.851691 0.0166779 0.113311 9.99371E-05 9.99371E-05
0.0029962 9.9946E-05 0.00191983 9.9946E-05 0.00112255 0.00288527 9.9946E-05 0.979446 0.0110309 9.9946E-05 9.9946E-05 9.9946E-05
9.99191E-05 9.99191E-05 9.99191E-05 9.99191E-05 9.99191E-05 9.99191E-05 9.99191E-05 0.0466668 0.879243 9.99191E-05 9.99191E-05 0.0731913
9.99101E-05 9.99101E-05 9.99101E-05 9.99101E-05 9.99101E-05 9.99101E-05 9.99101E-05 9.99101E-05 0.882893 9.99101E-05 0.116108 9.99101E-05
9.99371E-05 0.0326202 9.99371E-05 0.00615593 9.99371E-05 9.99371E-05 9.99371E-05 0.853431 0.00842097 0.0986719 9.99371E-05 9.99371E-05
0.00287693 9.99281E-05 0.360092 9.99281E-05 9.99281E-05 9.99281E-05 9.99281E-05 0.620474 9.99281E-05 9.99281E-05 0.0157577 9.99281E-05
9.99191E-05 9.99191E-05 9.99191E-05 9.99191E-05 9.99191E-05 0.0711862 9.99191E-05 0.919166 0.0087481 9.99191E-05 9.99191E-05 9.99191E-05
9.99101E-05 9.99101E-05 9.99101E-05 9.99101E-05 9.99101E-05 9.99101E-05 9.99101E-05 0.0357786 0.963222 9.99101E-05 9.99101E-05 9.99101E-05
9.99191E-05 9.99191E-05 9.99191E-05 0.0188187 9.99191E-05 9.99191E-05 9.99191E-05 9.99191E-05 0.855376 9.99191E-05 0.124906 9.99191E-05
9.99012E-05 9.99012E-05 9.99012E-05 9.99012E-05 9.99012E-05 9.99012E-05 9.99012E-05 0.998901 9.99012E-05 9.99012E-05 9.99012E-05 9.99012E-05
9.99101E-05 9.99101E-05 9.99101E-05 9.99101E-05 9.99101E-05 9.99101E-05 9.99101E-05 0.152275 0.846726 9.99101E-05 9.99101E-05 9.99101E-05
9.99012E-05 9.99012E-05 9.99012E-05 9.99012E-05 9.99012E-05 9.99012E-05 9.99012E-05 0.998901 9.99012E-05 9.99012E-05 9.99012E-05 9.99012E-05
0.0604128 0.903426 9.99191E-05 9.99191E-05 9.99191E-05 9.99191E-05 9.99191E-05 0.0352621 9.99191E-05 9.99191E-05 9.99191E-05 9.99191E-05
0.00348414 9.99371E-05 9.99371E-05 9.99371E-05 0.000379372 0.000795357 9.99371E-05 0.987067 0.00757477 9.99371E-05 9.99371E-05 9.99371E-05
9.99371E-05 9.99371E-05 0.00194336 9.99371E-05 0.000311855 0.0183072 9.99371E-05 0.97128 0.0074583 9.99371E-05 9.99371E-05 9.99371E-05
9.99101E-05 9.99101E-05 9.99101E-05 9.99101E-05 9.99101E-05 9.99101E-05 9.99101E-05 0.129241 0.86976 9.99101E-05 9.99101E-05 9.99101E-05
9.99101E-05 0.091995 9.99101E-05 9.99101E-05 9.99101E-05 9.99101E-05 9.99101E-05 9.99101E-05 9.99101E-05 0.907006 9.99101E-05 9.99101E-05
9.99101E-05 9.99101E-05 9.99101E-05 9.99101E-05 9.99101E-05 9.99101E-05 9.99101E-05 9.99101E-05 0.876138 9.99101E-05 0.122863 9.99101E-05
0.035114 0.00449796 9.99461E-05 9.99461E-05 9.99461E-05 0.906705 9.99461E-05 0.0293932 9.99461E-05 0.0096754 9.99461E-05 0.0140148
0.039706 0.00626314 9.9955E-05 0.000144391 9.9955E-05 0.891474 9.9955E-05 0.0331666 9.9955E-05 0.0110935 9.9955E-05 0.0176522
0.0229097 0.051005 9.9955E-05 0.0198619 9.9955E-05 0.735567 9.9955E-05 0.0296817 9.9955E-05 0.12829 9.9955E-05 0.0121846
9.99101E-05 9.99101E-05 9.99101E-05 9.99101E-05 9.99101E-05 9.99101E-05 9.99101E-05 0.125424 0.873577 9.99101E-05 9.99101E-05 9.99101E-05
9.99101E-05 9.99101E-05 9.99101E-05 9.99101E-05 9.99101E-05 9.99101E-05 9.99101E-05 0.100938 0.898063 9.99101E-05 9.99101E-05 9.99101E-05
9.99101E-05 9.99101E-05 9.99101E-05 9.99101E-05 9.99101E-05 9.99101E-05 9.99101E-05 9.99101E-05 0.883465 9.99101E-05 0.115535 9.99101E-05
9.99101E-05 9.99101E-05 9.99101E-05 9.99101E-05 9.99101E-05 9.99101E-05 9.99101E-05 9.99101E-05 0.881948 9.99101E-05 0.117053 9.99101E-05
9.99101E-05 9.99101E-05 9.99101E-05 9.99101E-05 9.99101E-05 0.0529598 9.99101E-05 9.99101E-05 9.99101E-05 0.946041 9.99101E-05 9.99101E-05
9.99101E-05 9.99101E-05 9.99101E-05 9.99101E-05 9.99101E-05 9.99101E-05 9.99101E-05 0.997833 9.99101E-05 9.99101E-05 0.00116826 9.99101E-05
9.99371E-05 0.817329 9.99371E-05 0.060089 9.99371E-05 0.0247017 9.99371E-05 9.99371E-05 9.99371E-05 0.0854191 9.99371E-05 0.0117616
9.99011E-05 9.99011E-05 9.99011E-05 9.99011E-05 9.99011E-05 9.99011E-05 9.99011E-05 9.99011E-05 9.99011E-05 0.998901 9.99011E-05 9.99011E-05
9.99011E-05 9.99011E-05 0.998901 9.99011E-05 9.99011E-05 9.99011E-05 9.99011E-05 9.99011E-05 9.99011E-05 9.99011E-05 9.99011E-05 9.99011E-05
0.993624 9.99101E-05 9.99101E-05 9.99101E-05 9.99101E-05 9.99101E-05 9.99101E-05 0.00537656 9.99101E-05 9.99101E-05 9.99101E-05 9.99101E-05
0.0288092 0.00452048 0.00117796 9.9955E-05 9.9955E-05 0.920111 9.9955E-05 0.0244249 9.9955E-05 0.0078524 9.9955E-05 0.0126038
9.99011E-05 9.99011E-05 9.99011E-05 9.99011E-05 9.99011E-05 9.99011E-05 9.99011E-05 9.99011E-05 9.99011E-05 9.99011E-05 9.99011E-05 0.998901
9.99011E-05 0.998901 9.99011E-05 9.99011E-05 9.99011E-05 9.99011E-05 9.99011E-05 9.99011E-05 9.99011E-05 9.99011E-05 9.99011E-05 9.99011E-05
0.00221815 9.9946E-05 0.000852727 9.9946E-05 0.000722701 0.00215531 9.9946E-05 0.984154 0.00929759 9.9946E-05 9.9946E-05 9.9946E-05
9.99101E-05 9.99101E-05 9.99101E-05 9.99101E-05 9.99101E-05 0.0637998 9.99101E-05 9.99101E-05 9.99101E-05 9.99101E-05 9.99101E-05 0.935201
9.99371E-05 9.99371E-05 0.00456233 9.99371E-05 0.0177881 9.99371E-05 9.99371E-05 0.840421 0.0226819 0.113847 9.99371E-05 9.99371E-05
9.99191E-05 9.99191E-05 0.00046918 9.99191E-05 9.99191E-05 9.99191E-05 9.99191E-05 0.147585 0.851047 9.99191E-05 9.99191E-05 9.99191E-05
9.99191E-05 9.99191E-05 9.99191E-05 9.99191E-05 9.99191E-05 9.99191E-05 9.99191E-05 0.153517 0.844307 9.99191E-05 9.99191E-05 0.00127724
0.0381641 0.00613268 9.9946E-05 9.9946E-05 9.9946E-05 0.893423 9.9946E-05 0.0338109 9.9946E-05 0.0107614 9.9946E-05 0.0171085
9.99281E-05 0.86543 9.99281E-05 0.0458969 9.99281E-05 0.0235846 9.99281E-05 9.99281E-05 9.99281E-05 0.0642892 9.99281E-05 9.99281E-05
9.99011E-05 9.99011E-05 9.99011E-05 9.99011E-05 9.99011E-05 0.998901 9.99011E-05 9.99011E-05 9.99011E-05 9.99011E-05 9.99011E-05 9.99011E-05
0.395185 9.99371E-05 9.99371E-05 9.99371E-05 9.99371E-05 0.281203 9.99371E-05 0.316722 0.00111003 0.00508047 9.99371E-05 9.99371E-05
9.99101E-05 0.895945 9.99101E-05 9.99101E-05 9.99101E-05 0.103056 9.99101E-05 9.99101E-05 9.99101E-05 9.99101E-05 9.99101E-05 9.99101E-05
0.0029962 9.9946E-05 0.00191983 9.9946E-05 0.00112255 0.00288527 9.9946E-05 0.979446 0.0110309 9.9946E-05 9.9946E-05 9.9946E-05
9.99101E-05 9.99101E-05 9.99101E-05 9.99101E-05 9.99101E-05 9.99101E-05 9.99101E-05 9.99101E-05 0.874332 9.99101E-05 0.124669 9.99101E-05
9.99011E-05 9.99011E-05 9.99011E-05 9.99011E-05 9.99011E-05 9.99011E-05 9.99011E-05 9.99011E-05 9.99011E-05 0.998901 9.99011E-05 9.99011E-05
0.0029962 9.9946E-05 0.00191983 9.9946E-05 0.00112255 0.00288527 9.9946E-05 0.979446 0.0110309 9.9946E-05 9.9946E-05 9.9946E-05
9.99371E-05 0.0335281 0.0064792 0.0123821 9.99371E-05 9.99371E-05 9.99371E-05 0.858622 9.99371E-05 0.088289 9.99371E-05 9.99371E-05
0.0029962 9.9946E-05 0.00191983 9.9946E-05 0.00112255 0.00288527 9.9946E-05 0.979446 0.0110309 9.9946E-05 9.9946E-05 9.9946E-05
9.99011E-05 9.99011E-05 9.99011E-05 9.99011E-05 9.99011E-05 9.99011E-05 9.99011E-05 9.99011E-05 9.99011E-05 0.998901 9.99011E-05 9.99011E-05
0.00156568 9.99458E-05 9.99458E-05 9.99458E-05 0.000446425 0.00168585 9.99458E-05 0.987681 0.00792173 9.99458E-05 9.99458E-05 9.99458E-05
0.0362033 0.00565851 9.9946E-05 9.9946E-05 9.9946E-05 0.900921 9.9946E-05 0.0308398 9.9946E-05 0.00993087 9.9946E-05 0.0158473
9.99011E-05 9.99011E-05 9.99011E-05 9.99011E-05 9.99011E-05 0.998901 9.99011E-05 9.99011E-05 9.99011E-05 9.99011E-05 9.99011E-05 9.99011E-05
9.99281E-05 9.99281E-05 9.99281E-05 9.99281E-05 0.0162015 9.99281E-05 9.99281E-05 0.0205361 0.852248 0.110215 9.99281E-05 9.99281E-05
9.99101E-05 9.99101E-05 9.99101E-05 9.99101E-05 9.99101E-05 9.99101E-05 0.0672114 9.99101E-05 0.93179 9.99101E-05 9.99101E-05 9.99101E-05
0.584728 9.99191E-05 9.99191E-05 9.99191E-05 9.99191E-05 0.193368 9.99191E-05 0.221005 9.99191E-05 9.99191E-05 9.99191E-05 9.99191E-05
9.99191E-05 0.7953 9.99191E-05 0.0183859 9.99191E-05 0.185415 9.99191E-05 9.99191E-05 9.99191E-05 9.99191E-05 9.99191E-05 9.99191E-05
9.99191E-05 9.99191E-05 9.99191E-05 9.99191E-05 9.99191E-05 0.0680791 9.99191E-05 0.927988 0.00303342 9.99191E-05 9.99191E-05 9.99191E-05
9.99191E-05 9.99191E-05 9.99191E-05 9.99191E-05 9.99191E-05 0.0679845 9.99191E-05 0.924423 0.006693 9.99191E-05 9.99191E-05 9.99191E-05
9.99011E-05 0.998901 9.99011E-05 9.99011E-05 9.99011E-05 9.99011E-05 9.99011E-05 9.99011E-05 9.99011E-05 9.99011E-05 9.99011E-05 9.99011E-05
9.99101E-05 0.938438 9.99101E-05 9.99101E-05 9.99101E-05 0.0605633 9.99101E-05 9.99101E-05 9.99101E-05 9.99101E-05 9.99101E-05 9.99101E-05
0.0029962 9.9946E-05 0.00191983 9.9946E-05 0.00112255 0.00288527 9.9946E-05 0.979446 0.0110309 9.9946E-05 9.9946E-05 9.9946E-05
0.00106578 9.99371E-05 0.00330391 9.99371E-05 9.99371E-05 9.99371E-05 9.99371E-05 0.815289 0.0524427 9.99371E-05 0.127199 9.99371E-05
0.0029962 9.9946E-05 0.00191983 9.9946E-05 0.00112255 0.00288527 9.9946E-05 0.979446 0.0110309 9.9946E-05 9.9946E-05 9.9946E-05
9.99012E-05 9.99012E-05 9.99012E-05 9.99012E-05 9.99012E-05 9.99012E-05 9.99012E-05 0.998901 9.99012E-05 9.99012E-05 9.99012E-05 9.99012E-05
9.99012E-05 9.99012E-05 9.99012E-05 9.99012E-05 9.99012E-05 9.99012E-05 9.99012E-05 0.998901 9.99012E-05 9.99012E-05 9.99012E-05 9.99012E-05
0.0302695 0.00466198 9.9955E-05 9.9955E-05 9.9955E-05 0.912648 9.9955E-05 0.0122272 0.0185779 0.00800255 9.9955E-05 0.0131136
0.0105491 0.00172 9.9946E-05 9.9946E-05 9.9946E-05 0.96637 9.9946E-05 0.0132983 9.9946E-05 0.00276748 9.9946E-05 0.00469546
0.0281701 0.00412729 9.9946E-05 9.9946E-05 9.9946E-05 0.918503 9.9946E-05 0.0259947 9.9946E-05 0.00906309 9.9946E-05 0.0135426
9.99011E-05 9.99011E-05 9.99011E-05 9.99011E-05 9.99011E-05 9.99011E-05 9.99011E-05 0.998901 9.99011E-05 9.99011E-05 9.99011E-05 9.99011E-05
0.0282179 0.00329805 9.9955E-05 9.9955E-05 0.00336445 0.921223 9.9955E-05 0.0219485 9.9955E-05 0.00951862 9.9955E-05 0.0119297
0.0029962 9.9946E-05 0.00191983 9.9946E-05 0.00112255 0.00288527 9.9946E-05 0.979446 0.0110309 9.9946E-05 9.9946E-05 9.9946E-05
9.99101E-05 9.99101E-05 9.99101E-05 9.99101E-05 9.99101E-05 9.99101E-05 0.0668697 9.99101E-05 0.932131 9.99101E-05 9.99101E-05 9.99101E-05
0.0427497 0.00516397 9.9946E-05 9.9946E-05 9.9946E-05 0.903921 9.9946E-05 0.0241419 9.9946E-05 0.0089266 9.9946E-05 0.0144966
9.99281E-05 0.428493 9.99281E-05 0.184032 9.99281E-05 0.127129 9.99281E-05 9.99281E-05 9.99281E-05 0.259546 9.99281E-05 9.99281E-05
0.0244234 0.0879567 9.9955E-05 0.0406422 9.9955E-05 0.583785 9.9955E-05 0.0016368 9.9955E-05 0.249256 9.9955E-05 0.0117999
0.408694 9.99371E-05 9.99371E-05 9.99371E-05 0.16268 0.275614 9.99371E-05 0.150571 9.99371E-05 0.00174083 9.99371E-05 9.99371E-05
0.0196748 0.214855 9.9946E-05 9.9946E-05 9.9946E-05 0.691796 9.9946E-05 0.0279521 9.9946E-05 0.0349086 9.9946E-05 0.0102141
0.0334122 0.00466891 9.9946E-05 9.9946E-05 9.9946E-05 0.907298 9.9946E-05 0.028554 9.9946E-05 0.0107158 9.9946E-05 0.0147511
0.0337932 0.00525501 9.99461E-05 9.99461E-05 9.99461E-05 0.905284 9.99461E-05 0.0310745 9.99461E-05 0.00920868 9.99461E-05 0.0147851
0.380461 0.0427532 0.0023831 0.0172003 9.9955E-05 0.120513 9.9955E-05 0.310722 9.9955E-05 0.125468 9.9955E-05 9.9955E-05
0.0379046 0.00592204 9.9946E-05 9.9946E-05 9.9946E-05 0.896424 9.9946E-05 0.0321239 9.9946E-05 0.0104096 9.9946E-05 0.0166164
9.99101E-05 9.99101E-05 9.99101E-05 9.99101E-05 9.99101E-05 9.99101E-05 0.0668697 9.99101E-05 0.932131 9.99101E-05 9.99101E-05 9.99101E-05
0.0300741 0.00368396 9.9946E-05 9.9946E-05 9.9946E-05 0.915962 9.9946E-05 0.0263427 9.9946E-05 0.0103272 9.9946E-05 0.0130109
0.0141877 0.0491546 9.9955E-05 0.0188061 9.9955E-05 0.757601 9.9955E-05 0.0234003 9.9955E-05 0.128267 9.9955E-05 0.00808327
9.99371E-05 0.302482 9.99371E-05 0.131054 9.99371E-05 0.193954 9.99371E-05 9.99371E-05 9.99371E-05 0.370643 9.99371E-05 0.0011679
0.0221258 0.0506652 9.9955E-05 0.0195592 9.9955E-05 0.737258 9.9955E-05 0.0292454 9.9955E-05 0.128941 9.9955E-05 0.0117057
0.248065 0.045743 9.9946E-05 0.00912755 9.9946E-05 0.0320852 9.9946E-05 9.9946E-05 0.5428 0.121579 9.9946E-05 9.9946E-05
9.99101E-05 9.99101E-05 9.99101E-05 9.99101E-05 9.99101E-05 9.99101E-05 0.0603721 9.99101E-05 0.938629 9.99101E-05 9.99101E-05 9.99101E-05
0.381242 9.99281E-05 9.99281E-05 9.99281E-05 9.99281E-05 0.253036 9.99281E-05 0.364457 9.99281E-05 0.000466485 9.99281E-05 9.99281E-05
0.47356 0.00418271 9.99281E-05 9.99281E-05 9.99281E-05 0.514292 9.99281E-05 9.99281E-05 9.99281E-05 9.99281E-05 9.99281E-05 0.00716536
0.395185 9.99371E-05 9.99371E-05 9.99371E-05 9.99371E-05 0.281203 9.99371E-05 0.316722 0.00111003 0.00508047 9.99371E-05 9.99371E-05
0.989421 9.99191E-05 9.99191E-05 9.99191E-05 9.99191E-05 0.00345672 9.99191E-05 0.00622263 9.99191E-05 9.99191E-05 9.99191E-05 9.99191E-05
0.0331274 0.0497023 9.9955E-05 0.0191865 9.9955E-05 0.749243 9.9955E-05 0.0107238 9.9955E-05 0.12808 9.9955E-05 0.0094373
0.00138779 9.99371E-05 9.99371E-05 0.0746667 9.99371E-05 0.894721 9.99371E-05 9.99371E-05 0.0237015 9.99371E-05 9.99371E-05 0.00482315
0.039706 0.00626314 9.9955E-05 0.000144391 9.9955E-05 0.891474 9.9955E-05 0.0331666 9.9955E-05 0.0110935 9.9955E-05 0.0176522
0.0029962 9.9946E-05 0.00191983 9.9946E-05 0.00112255 0.00288527 9.9946E-05 0.979446 0.0110309 9.9946E-05 9.9946E-05 9.9946E-05
0.0334122 0.00466891 9.9946E-05 9.9946E-05 9.9946E-05 0.907298 9.9946E-05 0.028554 9.9946E-05 0.0107158 9.9946E-05 0.0147511
0.00598154 9.99281E-05 9.99281E-05 9.99281E-05 9.99281E-05 9.99281E-05 9.99281E-05 0.990311 0.00213497 9.99281E-05 0.000773104 9.99281E-05
9.99101E-05 9.99101E-05 9.99101E-05 9.99101E-05 9.99101E-05 9.99101E-05 9.99101E-05 9.99101E-05 0.875678 9.99101E-05 0.123323 9.99101E-05
0.0329623 0.00459808 9.9946E-05 9.9946E-05 9.9946E-05 0.89805 9.9946E-05 0.0287273 9.9946E-05 0.00944273 9.9946E-05 0.0256201
0.038806 0.00613025 9.9946E-05 9.9946E-05 9.9946E-05 0.893905 9.9946E-05 0.0326458 9.9946E-05 0.0107737 9.9946E-05 0.0171391
0.0320743 0.00479838 9.9955E-05 9.9955E-05 9.9955E-05 0.912638 9.9955E-05 0.0246171 0.00344275 0.00837966 9.9955E-05 0.0135501
0.0125096 0.00216081 9.9946E-05 9.9946E-05 9.9946E-05 0.960901 9.9946E-05 0.0144581 9.9946E-05 0.00353975 9.9946E-05 0.00583111
9.99011E-05 0.998901 9.99011E-05 9.99011E-05 9.99011E-05 9.99011E-05 9.99011E-05 9.99011E-05 9.99011E-05 9.99011E-05 9.99011E-05 9.99011E-05
9.99011E-05 0.998901 9.99011E-05 9.99011E-05 9.99011E-05 9.99011E-05 9.99011E-05 9.99011E-05 9.99011E-05 9.99011E-05 9.99011E-05 9.99011E-05
9.99371E-05 0.172812 9.99371E-05 0.0738568 9.99371E-05 0.249742 9.99371E-05 9.99371E-05 9.99371E-05 0.501962 9.99371E-05 0.000927819
0.0445356 0.00558233 9.9946E-05 9.9946E-05 9.9946E-05 0.898847 9.9946E-05 0.0252082 9.9946E-05 0.00965843 9.9946E-05 0.0155686
0.039706 0.00626314 9.9955E-05 0.000144391 9.9955E-05 0.891474 9.9955E-05 0.0331666 9.9955E-05 0.0110935 9.9955E-05 0.0176522
0.0363336 0.00574728 9.9946E-05 9.9946E-05 9.9946E-05 0.90043 9.9946E-05 0.0307788 9.9946E-05 0.0100779 9.9946E-05 0.0160331
0.0353087 0.00523091 0.00119074 9.9955E-05 9.9955E-05 0.744786 9.9955E-05 0.0150699 9.9955E-05 0.00550603 9.9955E-05 0.192408
0.276323 0.108831 9.99371E-05 0.0503081 9.99371E-05 9.99371E-05 9.99371E-05 0.210613 9.99371E-05 0.353226 9.99371E-05 9.99371E-05
0.0436356 0.00537379 9.9946E-05 9.9946E-05 9.9946E-05 0.901384 9.9946E-05 0.0246786 9.9946E-05 0.00929378 9.9946E-05 0.0150344
0.0115325 0.00194092 9.9946E-05 9.9946E-05 9.9946E-05 0.963627 9.9946E-05 0.0138805 9.9946E-05 0.00315456 9.9946E-05 0.00526474
9.99011E-05 9.99011E-05 9.99011E-05 9.99011E-05 9.99011E-05 9.99011E-05 9.99011E-05 0.998901 9.99011E-05 9.99011E-05 9.99011E-05 9.99011E-05
9.99371E-05 0.00225238 9.99371E-05 9.99371E-05 9.99371E-05 0.481345 0.00295162 0.507928 9.99371E-05 9.99371E-05 9.99371E-05 0.00482344
0.0140172 0.00636044 9.99461E-05 9.99461E-05 9.99461E-05 0.936339 9.99461E-05 0.0314876 9.99461E-05 0.00344814 9.99461E-05 0.00774833
9.99281E-05 0.00552783 9.99281E-05 9.99281E-05 9.99281E-05 0.876845 9.99281E-05 9.99281E-05 9.99281E-05 9.99281E-05 0.113554 0.00327325
9.99101E-05 9.99101E-05 9.99101E-05 0.0522077 9.99101E-05 9.99101E-05 9.99101E-05 9.99101E-05 0.946793 9.99101E-05 9.99101E-05 9.99101E-05
9.99191E-05 0.067049 9.99191E-05 0.0204115 9.99191E-05 9.99191E-05 9.99191E-05 9.99191E-05 0.91164 9.99191E-05 9.99191E-05 9.99191E-05
9.99101E-05 9.99101E-05 9.99101E-05 9.99101E-05 9.99101E-05 9.99101E-05 9.99101E-05 0.159966 0.839035 9.99101E-05 9.99101E-05 9.99101E-05
9.99101E-05 9.99101E-05 9.99101E-05 9.99101E-05 9.99101E-05 9.99101E-05 9.99101E-05 0.0357786 0.963222 9.99101E-05 9.99101E-05 9.99101E-05
9.99101E-05 9.99101E-05 9.99101E-05 9.99101E-05 9.99101E-05 9.99101E-05 9.99101E-05 9.99101E-05 0.876631 9.99101E-05 0.12237 9.99101E-05
9.99101E-05 9.99101E-05 9.99101E-05 9.99101E-05 9.99101E-05 9.99101E-05 9.99101E-05 0.0858983 0.913103 9.99101E-05 9.99101E-05 9.99101E-05
0.0263229 0.120974 9.99371E-05 9.99371E-05 9.99371E-05 0.820952 9.99371E-05 0.0217408 9.99371E-05 9.99371E-05 9.99371E-05 0.00931089
9.99371E-05 0.000797993 9.99371E-05 9.99371E-05 9.99371E-05 0.279287 9.99371E-05 9.99371E-05 0.580323 9.99371E-05 0.129066 0.00982525
0.0309018 0.00488773 9.9946E-05 9.9946E-05 9.9946E-05 0.915684 9.9946E-05 0.0265775 9.9946E-05 0.00812274 9.9946E-05 0.0132269
0.0329744 0.00211016 0.00104202 9.9955E-05 9.9955E-05 0.929239 9.9955E-05 0.0157588 9.9955E-05 0.00891588 9.9955E-05 0.0094596
0.00689978 9.99281E-05 9.99281E-05 9.99281E-05 0.000338885 9.99281E-05 9.99281E-05 0.984354 0.00760819 9.99281E-05 9.99281E-05 9.99281E-05
9.99101E-05 9.99101E-05 9.99101E-05 0.036323 9.99101E-05 9.99101E-05 9.99101E-05 9.99101E-05 0.962678 9.99101E-05 9.99101E-05 9.99101E-05
9.99101E-05 9.99101E-05 9.99101E-05 0.036323 9.99101E-05 9.99101E-05 9.99101E-05 9.99101E-05 0.962678 9.99101E-05 9.99101E-05 9.99101E-05
9.99101E-05 9.99101E-05 9.99101E-05 0.038008 9.99101E-05 9.99101E-05 9.99101E-05 9.99101E-05 0.960993 9.99101E-05 9.99101E-05 9.99101E-05
0.159477 9.99281E-05 9.99281E-05 0.0694918 9.99281E-05 0.0428679 9.99281E-05 9.99281E-05 0.727364 9.99281E-05 9.99281E-05 9.99281E-05
9.99101E-05 9.99101E-05 9.99101E-05 0.038008 9.99101E-05 9.99101E-05 9.99101E-05 9.99101E-05 0.960993 9.99101E-05 9.99101E-05 9.99101E-05
9.99101E-05 9.99101E-05 9.99101E-05 0.039077 9.99101E-05 9.99101E-05 9.99101E-05 9.99101E-05 0.959924 9.99101E-05 9.99101E-05 9.99101E-05
9.99101E-05 9.99101E-05 9.99101E-05 0.0376173 9.99101E-05 9.99101E-05 9.99101E-05 9.99101E-05 0.961384 9.99101E-05 9.99101E-05 9.99101E-05
9.9946E-05 0.00557932 9.9946E-05 9.9946E-05 9.9946E-05 0.455186 0.000713368 0.524573 9.9946E-05 9.9946E-05 0.000316985 0.0130323
9.99101E-05 9.99101E-05 9.99101E-05 0.040767 9.99101E-05 9.99101E-05 9.99101E-05 9.99101E-05 0.958234 9.99101E-05 9.99101E-05 9.99101E-05
9.99101E-05 9.99101E-05 9.99101E-05 0.036323 9.99101E-05 9.99101E-05 9.99101E-05 9.99101E-05 0.962678 9.99101E-05 9.99101E-05 9.99101E-05
9.99101E-05 9.99101E-05 9.99101E-05 0.036323 9.99101E-05 9.99101E-05 9.99101E-05 9.99101E-05 0.962678 9.99101E-05 9.99101E-05 9.99101E-05
9.99191E-05 0.0170984 9.99191E-05 0.970734 9.99191E-05 9.99191E-05 9.99191E-05 9.99191E-05 9.99191E-05 0.0112684 9.99191E-05 9.99191E-05
9.99101E-05 9.99101E-05 9.99101E-05 9.99101E-05 9.99101E-05 9.99101E-05 9.99101E-05 0.159966 0.839035 9.99101E-05 9.99101E-05 9.99101E-05
9.99101E-05 9.99101E-05 9.99101E-05 0.957344 9.99101E-05 9.99101E-05 9.99101E-05 0.0416571 9.99101E-05 9.99101E-05 9.99101E-05 9.99101E-05
9.99101E-05 9.99101E-05 9.99101E-05 9.99101E-05 9.99101E-05 9.99101E-05 9.99101E-05 0.156356 0.842645 9.99101E-05 9.99101E-05 9.99101E-05
9.99101E-05 9.99101E-05 9.99101E-05 9.99101E-05 9.99101E-05 9.99101E-05 9.99101E-05 0.145843 0.853158 9.99101E-05 9.99101E-05 9.99101E-05
9.99101E-05 9.99101E-05 9.99101E-05 9.99101E-05 9.99101E-05 9.99101E-05 9.99101E-05 9.99101E-05 0.876681 9.99101E-05 0.12232 9.99101E-05
0.0029962 9.9946E-05 0.00191983 9.9946E-05 0.00112255 0.00288527 9.9946E-05 0.979446 0.0110309 9.9946E-05 9.9946E-05 9.9946E-05
9.99371E-05 0.0266448 9.99371E-05 0.00980081 9.99371E-05 9.99371E-05 9.99371E-05 0.0102386 0.859233 0.0933833 9.99371E-05 9.99371E-05
9.99011E-05 9.99011E-05 9.99011E-05 0.998901 9.99011E-05 9.99011E-05 9.99011E-05 9.99011E-05 9.99011E-05 9.99011E-05 9.99011E-05 9.99011E-05
9.99191E-05 9.99191E-05 9.99191E-05 9.99191E-05 9.99191E-05 0.00404461 9.99191E-05 0.149655 0.845401 9.99191E-05 9.99191E-05 9.99191E-05
9.99101E-05 9.99101E-05 9.99101E-05 0.908399 9.99101E-05 0.0906023 9.99101E-05 9.99101E-05 9.99101E-05 9.99101E-05 9.99101E-05 9.99101E-05
0.00221815 9.9946E-05 0.000852727 9.9946E-05 0.000722701 0.00215531 9.9946E-05 0.984154 0.00929759 9.9946E-05 9.9946E-05 9.9946E-05
9.99101E-05 9.99101E-05 9.99101E-05 9.99101E-05 9.99101E-05 9.99101E-05 9.99101E-05 0.095737 0.903264 9.99101E-05 9.99101E-05 9.99101E-05
9.99101E-05 9.99101E-05 9.99101E-05 9.99101E-05 9.99101E-05 9.99101E-05 9.99101E-05 9.99101E-05 0.8738 9.99101E-05 0.125201 9.99101E-05
9.99191E-05 9.99191E-05 9.99191E-05 0.0601305 9.99191E-05 9.99191E-05 9.99191E-05 0.106133 0.832837 9.99191E-05 9.99191E-05 9.99191E-05
9.99101E-05 9.99101E-05 9.99101E-05 9.99101E-05 9.99101E-05 9.99101E-05 9.99101E-05 0.156337 0.842663 9.99101E-05 9.99101E-05 9.99101E-05
9.99101E-05 9.99101E-05 9.99101E-05 9.99101E-05 9.99101E-05 9.99101E-05 9.99101E-05 9.99101E-05 0.878293 9.99101E-05 0.120708 9.99101E-05
9.99001E-05 9.99001E-05 9.99001E-05 9.99001E-05 9.99001E-05 0.998901 9.99001E-05 9.99001E-05 9.99001E-05 9.99001E-05 9.99001E-05 9.99001E-05
9.99101E-05 9.99101E-05 9.99101E-05 9.99101E-05 9.99101E-05 9.99101E-05 9.99101E-05 9.99101E-05 0.880591 9.99101E-05 0.11841 9.99101E-05
0.0374765 0.0058877 9.9946E-05 9.9946E-05 9.9946E-05 0.897902 9.9946E-05 0.03134 9.9946E-05 0.0103294 9.9946E-05 0.0164649
9.99011E-05 9.99011E-05 9.99011E-05 9.99011E-05 0.998901 9.99011E-05 9.99011E-05 9.99011E-05 9.99011E-05 9.99011E-05 9.99011E-05 9.99011E-05
9.99012E-05 9.99012E-05 9.99012E-05 9.99012E-05 9.99012E-05 9.99012E-05 9.99012E-05 0.998901 9.99012E-05 9.99012E-05 9.99012E-05 9.99012E-05
0.050229 0.00151568 9.99461E-05 9.99461E-05 9.99461E-05 0.922685 9.99461E-05 0.00773865 9.99461E-05 0.00803353 9.99461E-05 0.00919834
9.99191E-05 0.0170984 9.99191E-05 0.970734 9.99191E-05 9.99191E-05 9.99191E-05 9.99191E-05 9.99191E-05 0.0112684 9.99191E-05 9.99191E-05
9.99101E-05 9.99101E-05 9.99101E-05 9.99101E-05 9.99101E-05 9.99101E-05 9.99101E-05 0.156356 0.842645 9.99101E-05 9.99101E-05 9.99101E-05
9.99001E-05 9.99001E-05 9.99001E-05 9.99001E-05 9.99001E-05 0.998901 9.99001E-05 9.99001E-05 9.99001E-05 9.99001E-05 9.99001E-05 9.99001E-05
9.99001E-05 9.99001E-05 9.99001E-05 9.99001E-05 9.99001E-05 0.998901 9.99001E-05 9.99001E-05 9.99001E-05 9.99001E-05 9.99001E-05 9.99001E-05
9.99001E-05 9.99001E-05 9.99001E-05 0.0513657 9.99001E-05 0.947635 9.99001E-05 9.99001E-05 9.99001E-05 9.99001E-05 9.99001E-05 9.99001E-05
0.0219526 0.00137605 9.99461E-05 9.99461E-05 9.99461E-05 0.948052 9.99461E-05 0.0170898 9.99461E-05 0.00483927 9.99461E-05 0.00609092
0.00134769 9.99371E-05 9.99371E-05 9.99371E-05 0.000103843 0.00228326 9.99371E-05 0.989358 0.00620764 9.99371E-05 9.99371E-05 9.99371E-05
9.99191E-05 9.99191E-05 9.99191E-05 9.99191E-05 9.99191E-05 9.99191E-05 0.0670275 9.99191E-05 0.876528 0.0555453 9.99191E-05 9.99191E-05
9.99281E-05 0.610868 9.99281E-05 0.126417 9.99281E-05 0.0860129 9.99281E-05 9.99281E-05 9.99281E-05 0.175902 9.99281E-05 9.99281E-05
0.648641 9.99191E-05 9.99191E-05 9.99191E-05 9.99191E-05 0.163073 9.99191E-05 0.187386 9.99191E-05 9.99191E-05 9.99191E-05 9.99191E-05
9.99011E-05 9.99011E-05 9.99011E-05 0.998901 9.99011E-05 9.99011E-05 9.99011E-05 9.99011E-05 9.99011E-05 9.99011E-05 9.99011E-05 9.99011E-05
9.99191E-05 0.977611 9.99191E-05 0.00824581 9.99191E-05 9.99191E-05 9.99191E-05 9.99191E-05 9.99191E-05 0.0132438 9.99191E-05 9.99191E-05
0.00712147 9.99371E-05 0.000197381 9.99371E-05 0.000483557 9.99371E-05 9.99371E-05 0.979476 0.012022 9.99371E-05 9.99371E-05 9.99371E-05
0.0029962 9.9946E-05 0.00191983 9.9946E-05 0.00112255 0.00288527 9.9946E-05 0.979446 0.0110309 9.9946E-05 9.9946E-05 9.9946E-05
0.00191118 9.99281E-05 9.99281E-05 9.99281E-05 9.99281E-05 0.00605024 9.99281E-05 0.981476 0.00976291 9.99281E-05 9.99281E-05 9.99281E-05
9.99011E-05 9.99011E-05 0.998901 9.99011E-05 9.99011E-05 9.99011E-05 9.99011E-05 9.99011E-05 9.99011E-05 9.99011E-05 9.99011E-05 9.99011E-05
0.00144105 9.99371E-05 9.99371E-05 9.99371E-05 0.000322544 0.00142469 9.99371E-05 0.988549 0.00756274 9.99371E-05 9.99371E-05 9.99371E-05
9.99011E-05 9.99011E-05 9.99011E-05 0.998901 9.99011E-05 9.99011E-05 9.99011E-05 9.99011E-05 9.99011E-05 9.99011E-05 9.99011E-05 9.99011E-05
9.99011E-05 9.99011E-05 9.99011E-05 0.998901 9.99011E-05 9.99011E-05 9.99011E-05 9.99011E-05 9.99011E-05 9.99011E-05 9.99011E-05 9.99011E-05
0.00132954 9.99371E-05 0.0010319 9.99371E-05 0.00333314 9.99371E-05 9.99371E-05 0.85792 9.99371E-05 9.99371E-05 0.135686 9.99371E-05
0.00811729 9.99371E-05 0.000921683 9.99371E-05 0.000743001 9.99371E-05 9.99371E-05 0.980156 0.00936251 9.99371E-05 9.99371E-05 9.99371E-05
9.9955E-05 0.00581564 9.9955E-05 9.9955E-05 0.00108841 0.454256 9.9955E-05 0.520176 0.00128172 9.9955E-05 0.00171974 0.0151625
9.99011E-05 9.99011E-05 9.99011E-05 0.998901 9.99011E-05 9.99011E-05 9.99011E-05 9.99011E-05 9.99011E-05 9.99011E-05 9.99011E-05 9.99011E-05
0.00712147 9.99371E-05 0.000197381 9.99371E-05 0.000483557 9.99371E-05 9.99371E-05 0.979476 0.012022 9.99371E-05 9.99371E-05 9.99371E-05
9.99011E-05 9.99011E-05 9.99011E-05 9.99011E-05 9.99011E-05 9.99011E-05 9.99011E-05 0.998901 9.99011E-05 9.99011E-05 9.99011E-05 9.99011E-05
9.99011E-05 9.99011E-05 9.99011E-05 9.99011E-05 9.99011E-05 9.99011E-05 9.99011E-05 0.998901 9.99011E-05 9.99011E-05 9.99011E-05 9.99011E-05
0.00223284 9.9946E-05 0.000869738 9.9946E-05 0.000728922 0.00216588 9.9946E-05 0.984074 0.00932857 9.9946E-05 9.9946E-05 9.9946E-05
9.99191E-05 0.0358515 9.99191E-05 0.928581 9.99191E-05 9.99191E-05 9.99191E-05 9.99191E-05 9.99191E-05 0.0346683 9.99191E-05 9.99191E-05
0.592572 9.99191E-05 9.99191E-05 9.99191E-05 9.99191E-05 0.190313 9.99191E-05 0.216215 9.99191E-05 9.99191E-05 9.99191E-05 9.99191E-05
9.99101E-05 9.99101E-05 9.99101E-05 9.99101E-05 9.99101E-05 9.99101E-05 0.0668724 9.99101E-05 0.932128 9.99101E-05 9.99101E-05 9.99101E-05
0.00134769 9.99371E-05 9.99371E-05 9.99371E-05 0.000103843 0.00228326 9.99371E-05 0.989358 0.00620764 9.99371E-05 9.99371E-05 9.99371E-05
9.99011E-05 9.99011E-05 9.99011E-05 0.998901 9.99011E-05 9.99011E-05 9.99011E-05 9.99011E-05 9.99011E-05 9.99011E-05 9.99011E-05 9.99011E-05
9.99011E-05 9.99011E-05 9.99011E-05 0.998901 9.99011E-05 9.99011E-05 9.99011E-05 9.99011E-05 9.99011E-05 9.99011E-05 9.99011E-05 9.99011E-05
0.755639 9.99191E-05 9.99191E-05 9.99191E-05 9.99191E-05 0.114401 9.99191E-05 0.12906 9.99191E-05 9.99191E-05 9.99191E-05 9.99191E-05
0.763448 9.99191E-05 9.99191E-05 9.99191E-05 9.99191E-05 0.11274 9.99191E-05 0.122913 9.99191E-05 9.99191E-05 9.99191E-05 9.99191E-05
0.732948 9.99191E-05 9.99191E-05 9.99191E-05 9.99191E-05 0.125345 9.99191E-05 0.140808 9.99191E-05 9.99191E-05 9.99191E-05 9.99191E-05
0.755639 9.99191E-05 9.99191E-05 9.99191E-05 9.99191E-05 0.114401 9.99191E-05 0.12906 9.99191E-05 9.99191E-05 9.99191E-05 9.99191E-05
0.584508 9.99191E-05 9.99191E-05 9.99191E-05 9.99191E-05 0.196903 9.99191E-05 0.21769 9.99191E-05 9.99191E-05 9.99191E-05 9.99191E-05
0.76053 9.99191E-05 9.99191E-05 9.99191E-05 9.99191E-05 0.111882 9.99191E-05 0.126689 9.99191E-05 9.99191E-05 9.99191E-05 9.99191E-05
0.755639 9.99191E-05 9.99191E-05 9.99191E-05 9.99191E-05 0.114401 9.99191E-05 0.12906 9.99191E-05 9.99191E-05 9.99191E-05 9.99191E-05
9.99011E-05 9.99011E-05 0.998901 9.99011E-05 9.99011E-05 9.99011E-05 9.99011E-05 9.99011E-05 9.99011E-05 9.99011E-05 9.99011E-05 9.99011E-05
9.99101E-05 9.99101E-05 0.93554 9.99101E-05 9.99101E-05 9.99101E-05 9.99101E-05 9.99101E-05 9.99101E-05 0.063461 9.99101E-05 9.99101E-05
9.99371E-05 0.0193503 9.99371E-05 0.0067504 9.99371E-05 9.99371E-05 0.0637818 9.99371E-05 0.838897 0.0705212 9.99371E-05 9.99371E-05
0.0364206 0.00576072 9.9946E-05 9.9946E-05 9.9946E-05 0.900167 9.9946E-05 0.0308416 9.9946E-05 0.0101015 9.9946E-05 0.0161092
0.0355146 0.00555179 9.9946E-05 9.9946E-05 9.9946E-05 0.902701 9.9946E-05 0.0303165 9.9946E-05 0.0097361 9.9946E-05 0.0155803
0.0364206 0.00576072 9.9946E-05 9.9946E-05 9.9946E-05 0.900167 9.9946E-05 0.0308416 9.9946E-05 0.0101015 9.9946E-05 0.0161092
0.0364206 0.00576072 9.9946E-05 9.9946E-05 9.9946E-05 0.900167 9.9946E-05 0.0308416 9.9946E-05 0.0101015 9.9946E-05 0.0161092
0.755639 9.99191E-05 9.99191E-05 9.99191E-05 9.99191E-05 0.114401 9.99191E-05 0.12906 9.99191E-05 9.99191E-05 9.99191E-05 9.99191E-05
9.99101E-05 9.99101E-05 9.99101E-05 9.99101E-05 9.99101E-05 9.99101E-05 9.99101E-05 9.99101E-05 0.878714 9.99101E-05 0.120287 9.99101E-05
9.99011E-05 9.99011E-05 9.99011E-05 9.99011E-05 9.99011E-05 9.99011E-05 9.99011E-05 0.998901 9.99011E-05 9.99011E-05 9.99011E-05 9.99011E-05
0.00102021 9.99281E-05 9.99281E-05 9.99281E-05 9.99281E-05 0.000719755 9.99281E-05 0.993545 0.00391542 9.99281E-05 9.99281E-05 9.99281E-05
0.0272235 0.00390013 9.99461E-05 9.99461E-05 9.99461E-05 0.910663 9.99461E-05 0.0271125 9.99461E-05 0.00738913 9.99461E-05 0.0231122
9.99001E-05 9.99001E-05 9.99001E-05 9.99001E-05 9.99001E-05 0.998901 9.99001E-05 9.99001E-05 9.99001E-05 9.99001E-05 9.99001E-05 9.99001E-05
9.99101E-05 9.99101E-05 9.99101E-05 9.99101E-05 9.99101E-05 9.99101E-05 9.99101E-05 0.863656 9.99101E-05 9.99101E-05 9.99101E-05 0.135345
9.99101E-05 9.99101E-05 9.99101E-05 9.99101E-05 9.99101E-05 9.99101E-05 9.99101E-05 0.863892 9.99101E-05 9.99101E-05 9.99101E-05 0.135109
0.0184906 0.00172085 0.00909728 9.9955E-05 9.9955E-05 0.959016 9.9955E-05 0.00351024 9.9955E-05 0.00272462 9.9955E-05 0.00494018
9.99371E-05 0.167655 9.99371E-05 0.0716399 9.99371E-05 0.243201 9.99371E-05 9.99371E-05 9.99371E-05 0.516367 9.99371E-05 0.000437547
9.99011E-05 9.99011E-05 9.99011E-05 9.99011E-05 9.99011E-05 0.998901 9.99011E-05 9.99011E-05 9.99011E-05 9.99011E-05 9.99011E-05 9.99011E-05
9.99011E-05 9.99011E-05 9.99011E-05 9.99011E-05 9.99011E-05 9.99011E-05 9.99011E-05 0.998901 9.99011E-05 9.99011E-05 9.99011E-05 9.99011E-05
9.99011E-05 9.99011E-05 9.99011E-05 9.99011E-05 9.99011E-05 0.998901 9.99011E-05 9.99011E-05 9.99011E-05 9.99011E-05 9.99011E-05 9.99011E-05
9.99011E-05 9.99011E-05 9.99011E-05 9.99011E-05 9.99011E-05 9.99011E-05 9.99011E-05 0.998901 9.99011E-05 9.99011E-05 9.99011E-05 9.99011E-05
9.99011E-05 9.99011E-05 9.99011E-05 9.99011E-05 9.99011E-05 0.998901 9.99011E-05 9.99011E-05 9.99011E-05 9.99011E-05 9.99011E-05 9.99011E-05
0.0014326 9.99371E-05 9.99371E-05 9.99371E-05 0.000318934 0.00141855 9.99371E-05 0.988586 0.00754478 9.99371E-05 9.99371E-05 9.99371E-05
9.99011E-05 9.99011E-05 9.99011E-05 9.99011E-05 9.99011E-05 9.99011E-05 9.99011E-05 0.998901 9.99011E-05 9.99011E-05 9.99011E-05 9.99011E-05
9.99239E-05 9.99239E-05 9.99239E-05 0.0640498 9.99239E-05 9.99239E-05 9.99239E-05 0.929833 0.00521767 9.99239E-05 9.99239E-05 9.99239E-05
9.99281E-05 9.99281E-05 9.99281E-05 9.99281E-05 0.0138071 9.99281E-05 9.99281E-05 0.871077 0.00294569 0.111371 9.99281E-05 9.99281E-05
9.99011E-05 9.99011E-05 9.99011E-05 9.99011E-05 9.99011E-05 9.99011E-05 9.99011E-05 0.998901 9.99011E-05 9.99011E-05 9.99011E-05 9.99011E-05
9.99101E-05 9.99101E-05 9.99101E-05 9.99101E-05 9.99101E-05 0.996864 9.99101E-05 0.00213684 9.99101E-05 9.99101E-05 9.99101E-05 9.99101E-05
0.0029962 9.9946E-05 0.00191983 9.9946E-05 0.00112255 0.00288527 9.9946E-05 0.979446 0.0110309 9.9946E-05 9.9946E-05 9.9946E-05
9.99011E-05 9.99011E-05 9.99011E-05 9.99011E-05 9.99011E-05 9.99011E-05 9.99011E-05 0.998901 9.99011E-05 9.99011E-05 9.99011E-05 9.99011E-05
9.99012E-05 9.99012E-05 9.99012E-05 9.99012E-05 9.99012E-05 0.998901 9.99012E-05 9.99012E-05 9.99012E-05 9.99012E-05 9.99012E-05 9.99012E-05
9.99011E-05 9.99011E-05 9.99011E-05 9.99011E-05 9.99011E-05 9.99011E-05 9.99011E-05 0.998901 9.99011E-05 9.99011E-05 9.99011E-05 9.99011E-05
9.99011E-05 9.99011E-05 9.99011E-05 9.99011E-05 9.99011E-05 9.99011E-05 9.99011E-05 0.998901 9.99011E-05 9.99011E-05 9.99011E-05 9.99011E-05
9.99281E-05 0.0311867 9.99281E-05 0.0108231 9.99281E-05 9.99281E-05 9.99281E-05 0.871225 9.99281E-05 0.0859654 9.99281E-05 9.99281E-05
9.99011E-05 9.99011E-05 9.99011E-05 9.99011E-05 9.99011E-05 0.998901 9.99011E-05 9.99011E-05 9.99011E-05 9.99011E-05 9.99011E-05 9.99011E-05
9.99011E-05 9.99011E-05 9.99011E-05 9.99011E-05 9.99011E-05 0.998901 9.99011E-05 9.99011E-05 9.99011E-05 9.99011E-05 9.99011E-05 9.99011E-05
9.99011E-05 9.99011E-05 9.99011E-05 9.99011E-05 9.99011E-05 0.998901 9.99011E-05 9.99011E-05 9.99011E-05 9.99011E-05 9.99011E-05 9.99011E-05
9.99011E-05 9.99011E-05 9.99011E-05 9.99011E-05 9.99011E-05 9.99011E-05 9.99011E-05 0.998901 9.99011E-05 9.99011E-05 9.99011E-05 9.99011E-05
9.99191E-05 9.99191E-05 9.99191E-05 9.99191E-05 9.99191E-05 9.99191E-05 9.99191E-05 0.98779 0.00452346 9.99191E-05 9.99191E-05 0.00678757
9.99011E-05 9.99011E-05 9.99011E-05 9.99011E-05 9.99011E-05 0.998901 9.99011E-05 9.99011E-05 9.99011E-05 9.99011E-05 9.99011E-05 9.99011E-05
9.99011E-05 9.99011E-05 9.99011E-05 9.99011E-05 9.99011E-05 0.998901 9.99011E-05 9.99011E-05 9.99011E-05 9.99011E-05 9.99011E-05 9.99011E-05
9.99011E-05 9.99011E-05 9.99011E-05 9.99011E-05 9.99011E-05 9.99011E-05 9.99011E-05 0.998901 9.99011E-05 9.99011E-05 9.99011E-05 9.99011E-05
0.00906351 0.00166033 9.9946E-05 9.9946E-05 9.9946E-05 0.961929 9.9946E-05 0.0182697 9.9946E-05 0.0034522 9.9946E-05 0.00502565
9.99281E-05 0.0443469 9.99281E-05 0.0165563 9.99281E-05 0.825628 9.99281E-05 9.99281E-05 9.99281E-05 0.112669 9.99281E-05 9.99281E-05
